% lower bound of slab dry slab
1       0       -80000
2       145107  -80000
3       148777  -80453
4       150000  -80603
5       475000  -120508
6       528383  -127062
7       544596  -134281
8       550000  -136687
9       608000  -162510
10      850000  -270225
% upper bound of slab mantle/lower crust
11      0       -20000
12      145107  -20000
13      148777  -20000
14      150000  -20152
15      475000  -60057
16      528383  -66612
17      544596  -68602
18      550000  -71009
19      608000  -96832
20      850000  -204577
%upper bound of crust
21      0       -2
22      145107  -2
23      148777  -2
24      150000  -2
25      475000  -39907
26      528383  -46462
27      544595  -48452
28      550000  -49116
29      608000  -74939
30      850000  -182684
% continental moho
31      0       -1
32      145107  -1
33      148777  -1
34      150000  -1
35      475000  -35000
36      528383  -35000
37      544596  -35000
38      550000  -35000
39      608000  -35000
40      850000  -35000
% surface of model
41      0       0
42      145107  0
43      148777  0
44      150000  0
45      475000  0
46      528383  0
47      544596  0
48      550000  0
49      608000  0
50      850000  0