774.56	7364.9	-24.999	0.001
774.49	7364.9	-24.999	1.001
774.42	7364.9	-24.999	2.001
774.35	7364.8	-24.999	3.001
774.28	7364.8	-24.999	4.001
774.21	7364.8	-24.999	5.001
774.15	7364.8	-24.999	6.001
774.08	7364.8	-24.999	7.001
774.02	7364.8	-24.999	8.001
773.96	7364.8	-24.999	9.001
773.9	7364.8	-24.999	10.001
773.83	7364.8	-24.999	11.001
773.77	7364.8	-24.999	12.001
773.72	7364.8	-24.999	13.001
773.66	7364.8	-24.999	14.001
773.6	7364.8	-24.999	15.001
773.54	7364.8	-24.999	16.001
773.49	7364.8	-24.999	17.001
773.43	7364.8	-24.999	18.001
773.38	7364.8	-24.999	19.001
773.32	7364.8	-24.999	20.001
773.27	7364.8	-24.999	21.001
773.21	7364.8	-24.999	22.001
773.16	7364.8	-24.999	23.001
773.11	7364.8	-24.999	24.001
773.06	7364.8	-24.999	25.001
773.01	7364.8	-24.999	26.001
772.96	7364.8	-24.999	27.001
772.91	7364.9	-24.999	28.001
772.86	7364.9	-24.999	29.001
772.81	7364.9	-24.999	30.001
772.76	7364.9	-24.999	31.001
772.72	7364.9	-24.999	32.001
772.67	7364.9	-24.999	33.001
772.62	7364.9	-24.999	34.001
772.57	7364.9	-24.999	35.001
772.53	7364.9	-24.999	36.001
772.48	7364.9	-24.999	37.001
772.44	7364.9	-24.999	38.001
772.39	7364.9	-24.999	39.001
772.35	7364.9	-24.999	40.001
772.3	7364.9	-24.999	41.001
772.26	7364.9	-24.999	42.001
772.22	7364.9	-24.999	43.001
772.17	7364.9	-24.999	44.001
772.13	7364.9	-24.999	45.001
772.09	7364.9	-24.999	46.001
772.05	7364.9	-24.999	47.001
772.01	7364.9	-24.999	48.001
771.96	7364.9	-24.999	49.001
771.92	7364.9	-24.999	50.001
771.88	7364.9	-24.999	51.001
771.84	7364.9	-24.999	52.001
771.8	7364.9	-24.999	53.001
771.76	7364.9	-24.999	54.001
771.72	7364.9	-24.999	55.001
771.68	7364.9	-24.999	56.001
771.64	7364.9	-24.999	57.001
771.6	7364.9	-24.999	58.001
771.56	7364.9	-24.999	59.001
771.53	7364.9	-24.999	60.001
771.49	7364.9	-24.999	61.001
771.45	7364.9	-24.999	62.001
771.41	7364.9	-24.999	63.001
771.37	7364.9	-24.999	64.001
771.34	7364.9	-24.999	65.001
771.3	7364.9	-24.999	66.001
771.26	7365	-24.999	67.001
771.23	7365	-24.999	68.001
771.19	7365	-24.999	69.001
771.15	7365	-24.999	70.001
771.12	7365	-24.999	71.001
771.08	7365	-24.999	72.001
771.05	7365	-24.999	73.001
771.01	7365	-24.999	74.001
770.94	7365	-24.999	75.001
770.82	7365	-24.999	76.001
770.63	7365	-24.999	77.001
770.4	7365	-24.999	78.001
770.57	7365	-24.999	79.001
770.69	7365	-24.999	80.001
770.74	7365	-24.999	81.001
770.74	7365	-24.999	82.001
770.68	7365	-24.999	83.001
770.57	7365	-24.999	84.001
770.41	7365	-24.999	85.001
770.2	7365	-24.999	86.001
770.36	7365	-24.999	87.001
770.46	7365	-24.999	88.001
770.52	7365	-24.999	89.001
770.52	7365	-24.999	90.001
770.47	7365	-24.999	91.001
770.37	7365	-24.999	92.001
770.23	7365	-24.999	93.001
770.04	7365	-24.999	94.001
770.19	7365	-24.999	95.001
770.28	7365	-24.999	96.001
770.33	7365	-24.999	97.001
770.34	7365	-24.999	98.001
770.3	7365	-24.999	99.001
770.21	7365.1	-24.999	100
770.08	7365.1	-24.999	101
769.91	7365.1	-24.999	102
770.05	7365.1	-24.999	103
770.14	7365.1	-24.999	104
770.19	7365.1	-24.999	105
770.19	7365.1	-24.999	106
770.16	7365.1	-24.999	107
770.08	7365.1	-24.999	108
769.96	7365.1	-24.999	109
769.81	7365.1	-24.999	110
769.62	7365.1	-24.999	111
769.71	7365.1	-24.999	112
769.76	7365.1	-24.999	113
769.77	7365.1	-24.999	114
769.74	7365.1	-24.999	115
769.68	7365.1	-24.999	116
769.58	7365.1	-24.999	117
769.44	7365.1	-24.999	118
769.26	7365.1	-24.999	119
769.36	7365.1	-24.999	120
769.41	7365.1	-24.999	121
769.43	7365.1	-24.999	122
769.41	7365.1	-24.999	123
769.35	7365.1	-24.999	124
769.29	7365.1	-24.999	125
769.22	7365.1	-24.999	126
769.15	7365.1	-24.999	127
769.06	7365.1	-24.999	128
768.96	7365.2	-24.999	129
768.86	7365.2	-24.999	130
768.89	7365.2	-24.999	131
768.91	7365.2	-24.999	132
768.93	7365.2	-24.999	133
768.93	7365.2	-24.999	134
768.93	7365.2	-24.999	135
768.92	7365.2	-24.999	136
768.9	7365.2	-24.999	137
768.87	7365.1	-24.999	138
768.84	7365	-24.999	139
768.79	7364.9	-24.999	140
768.74	7364.7	-24.999	141
768.68	7364.6	-24.999	142
768.61	7384.9	-24.999	143
768.53	7405.3	-24.999	144
768.44	7425.5	-24.999	145
768.34	7445.6	-24.999	146
768.38	7465.7	-24.999	147
768.41	7485.8	-24.999	148
768.43	7506	-24.999	149
768.45	7526.1	-24.999	150
768.45	7546.3	-24.999	151
768.45	7566.5	-24.999	152
768.43	7586.8	-24.999	153
768.41	7607.1	-24.999	154
768.38	7627.4	-24.999	155
768.35	7647.8	-24.999	156
768.3	7668.2	-26.999	157
768.25	7688.6	-26.999	158
768.18	7729.6	-26.999	159
768.11	7770.7	-26.999	160
768.03	7810.7	-26.999	161
767.95	7850.6	-26.999	162
767.99	7891.5	-26.999	163
768.03	7932.5	-26.999	164
768.06	7973.5	-26.999	165
768.08	8014.6	-26.999	166
768.09	8055.8	-26.999	167
768.09	8097.1	-26.999	168
768.09	8138.6	-26.999	169
768.08	8180.1	-26.999	170
768.06	8221.7	-26.999	171
768.03	8242.9	-26.999	172
767.99	8264.1	-28.999	173
767.94	8285.6	-28.999	174
767.89	8327.9	-28.999	175
767.83	8370.3	-28.999	176
767.76	8411.8	-28.999	177
767.68	8453.5	-28.999	178
767.73	8495.2	-28.999	179
767.77	8537	-28.999	180
767.81	8578.8	-28.999	181
767.84	8620.7	-28.999	182
767.86	8663.6	-28.999	183
767.87	8706.5	-28.999	184
767.88	8749.6	-28.999	185
767.87	8792.7	-28.999	186
767.86	8836	-28.999	187
767.84	8858.8	-28.999	188
767.81	8881.7	-30.999	189
767.77	8905.9	-30.999	190
767.73	8951.4	-30.999	191
767.67	8996.2	-30.999	192
767.61	9040.1	-30.999	193
767.54	9084	-30.999	194
767.6	9128.2	-30.999	195
767.66	9172.4	-30.999	196
767.7	9216.7	-30.999	197
767.74	9261.1	-30.999	198
767.77	9305.6	-30.999	199
767.79	9350.2	-30.999	200
767.8	9395.9	-30.999	201
767.81	9441.6	-30.999	202
767.8	9487.4	-30.999	203
767.79	9512.8	-30.999	204
767.77	9538.2	-32.999	205
767.74	9564.6	-32.999	206
767.71	9591.1	-32.999	207
767.67	9617.7	-32.999	208
767.61	9664.5	-32.999	209
767.56	9711.3	-32.999	210
767.49	9758.2	-32.999	211
767.41	9804.2	-32.999	212
767.47	9850.3	-32.999	213
767.51	9896.3	-32.999	214
767.55	9942.3	-32.999	215
767.58	9988.3	-32.999	216
767.6	10034	-32.999	217
767.62	10080	-32.999	218
767.63	10127	-32.999	219
767.62	10152	-32.999	220
767.61	10178	-32.999	221
767.6	10204	-32.999	222
767.57	10230	-34.999	223
767.54	10257	-34.999	224
767.5	10303	-34.999	225
767.45	10349	-34.999	226
767.4	10395	-34.999	227
767.33	10440	-34.999	228
767.4	10486	-34.999	229
767.45	10530	-34.999	230
767.5	10575	-34.999	231
767.54	10619	-34.999	232
767.57	10663	-34.999	233
767.6	10706	-34.999	234
767.61	10750	-34.999	235
767.62	10793	-34.999	236
767.63	10836	-34.999	237
767.62	10859	-34.999	238
767.61	10883	-36.999	239
767.59	10907	-36.999	240
767.56	10951	-36.999	241
767.52	10994	-36.999	242
767.48	11037	-36.999	243
767.43	11080	-36.999	244
767.5	11123	-36.999	245
767.57	11165	-36.999	246
767.62	11208	-36.999	247
767.68	11249	-36.999	248
767.72	11291	-36.999	249
767.75	11332	-36.999	250
767.78	11373	-36.999	251
767.8	11414	-36.999	252
767.82	11455	-36.999	253
767.82	11475	-36.999	254
767.82	11496	-38.999	255
767.81	11516	-38.999	256
767.8	11560	-38.999	257
767.77	11603	-38.999	258
767.74	11644	-38.999	259
767.7	11685	-38.999	260
767.79	11726	-38.999	261
767.86	11767	-38.999	262
767.93	11808	-38.999	263
768	11849	-38.999	264
768.05	11889	-38.999	265
768.1	11930	-38.999	266
768.14	11971	-38.999	267
768.17	12011	-38.999	268
768.2	12050	-38.999	269
768.22	12070	-38.999	270
768.23	12090	-40.999	271
768.23	12110	-40.999	272
768.23	12152	-40.999	273
768.22	12193	-40.999	274
768.22	12234	-40.999	275
768.22	12275	-40.999	276
768.35	12315	-40.999	277
768.48	12356	-40.999	278
768.61	12397	-40.999	279
768.75	12438	-40.999	280
768.88	12478	-40.999	281
768.87	12519	-40.999	282
768.87	12560	-40.999	283
768.86	12601	-40.999	284
768.86	12642	-40.999	285
768.86	12660	-40.999	286
768.86	12679	-42.999	287
768.86	12699	-42.999	288
768.86	12741	-42.999	289
768.87	12783	-42.999	290
768.88	12823	-42.999	291
768.89	12862	-42.999	292
769.03	12903	-42.999	293
769.17	12943	-42.999	294
769.31	12984	-42.999	295
769.46	13025	-42.999	296
769.6	13065	-42.999	297
769.61	13106	-42.999	298
769.61	13146	-42.999	299
769.62	13187	-42.999	300
769.63	13227	-42.999	301
769.64	13246	-42.999	302
769.65	13265	-44.999	303
769.67	13285	-44.999	304
769.68	13327	-44.999	305
769.7	13368	-44.999	306
769.72	13408	-44.999	307
769.75	13447	-44.999	308
769.9	13486	-44.999	309
770.05	13525	-44.999	310
770.2	13564	-44.999	311
770.36	13603	-44.999	312
770.52	13644	-44.999	313
770.53	13684	-44.999	314
770.55	13725	-44.999	315
770.57	13765	-44.999	316
770.59	13806	-44.999	317
770.61	13824	-44.999	318
770.64	13843	-46.999	319
770.67	13865	-46.999	320
770.7	13887	-46.999	321
770.73	13907	-46.999	322
770.77	13946	-46.999	323
770.8	13986	-46.999	324
770.84	14025	-46.999	325
770.89	14064	-46.999	326
771.05	14104	-46.999	327
771.22	14143	-46.999	328
771.39	14183	-46.999	329
771.42	14222	-46.999	330
771.45	14263	-46.999	331
771.48	14303	-46.999	332
771.51	14344	-46.999	333
771.55	14363	-46.999	334
771.59	14382	-46.999	335
771.63	14403	-46.999	336
771.67	14425	-48.999	337
771.72	14446	-48.999	338
771.77	14487	-48.999	339
771.82	14527	-48.999	340
771.88	14567	-48.999	341
771.93	14607	-48.999	342
772.11	14646	-48.999	343
772.29	14685	-48.999	344
772.47	14724	-48.999	345
772.66	14763	-48.999	346
772.84	14802	-48.999	347
772.89	14842	-48.999	348
772.94	14882	-48.999	349
772.99	14922	-48.999	350
773.04	14963	-48.999	351
773.09	14984	-48.999	352
773.15	15006	-50.999	353
773.21	15027	-50.999	354
773.27	15068	-50.999	355
773.34	15108	-50.999	356
773.41	15148	-50.999	357
773.48	15189	-50.999	358
773.67	15229	-50.999	359
773.86	15269	-50.999	360
774.05	15308	-50.999	361
774.25	15347	-50.999	362
774.45	15386	-50.999	363
774.51	15426	-50.999	364
774.57	15465	-50.999	365
774.63	15504	-50.999	366
774.7	15543	-50.999	367
774.76	15564	-50.999	368
774.83	15585	-52.999	369
774.91	15607	-52.999	370
774.98	15650	-52.999	371
775.06	15693	-52.999	372
775.15	15733	-52.999	373
775.23	15774	-52.999	374
775.43	15814	-52.999	375
775.63	15855	-52.999	376
775.84	15895	-52.999	377
776.05	15934	-52.999	378
776.26	15974	-52.999	379
776.33	16013	-52.999	380
776.4	16052	-52.999	381
776.48	16091	-52.999	382
776.55	16130	-52.999	383
776.64	16151	-52.999	384
776.72	16171	-54.999	385
776.81	16191	-54.999	386
776.89	16234	-54.999	387
776.99	16277	-54.999	388
777.08	16318	-54.999	389
777.18	16358	-54.999	390
777.39	16399	-54.999	391
777.6	16439	-54.999	392
777.82	16480	-54.999	393
778.04	16520	-54.999	394
778.26	16561	-54.999	395
778.34	16601	-54.999	396
778.43	16642	-54.999	397
778.51	16681	-54.999	398
778.6	16720	-54.999	399
778.7	16738	-54.999	400
778.79	16756	-56.999	401
778.89	16776	-56.999	402
778.99	16818	-56.999	403
779.1	16860	-56.999	404
779.2	16900	-56.999	405
779.31	16941	-56.999	406
779.54	16981	-56.999	407
779.76	17022	-56.999	408
779.99	17062	-56.999	409
780.22	17103	-56.999	410
780.45	17143	-56.999	411
780.54	17184	-56.999	412
780.64	17224	-56.999	413
780.73	17265	-56.999	414
780.84	17305	-56.999	415
780.94	17323	-56.999	416
781.05	17341	-58.999	417
781.16	17361	-58.999	418
781.27	17403	-58.999	419
781.39	17445	-58.999	420
781.61	17484	-58.999	421
781.84	17523	-58.999	422
782.07	17564	-58.999	423
782.3	17604	-58.999	424
782.65	17645	-58.999	425
782.99	17686	-58.999	426
783.32	17726	-58.999	427
783.49	17767	-58.999	428
783.66	17807	-58.999	429
783.81	17848	-58.999	430
784.04	17889	-58.999	431
784.26	17908	-58.999	432
784.47	17927	-60.999	433
784.67	17947	-60.999	434
784.95	17967	-60.999	435
785.22	17988	-60.999	436
785.48	18027	-60.999	437
785.72	18066	-60.999	438
786.05	18106	-60.999	439
786.37	18145	-60.999	440
786.68	18185	-60.999	441
786.97	18224	-60.999	442
787.35	18265	-60.999	443
787.57	18306	-60.999	444
787.79	18347	-60.999	445
787.99	18388	-60.999	446
788.17	18429	-60.999	447
788.35	18448	-60.999	448
788.61	18468	-60.999	449
788.86	18489	-60.999	450
789.09	18511	-62.999	451
789.31	18532	-62.999	452
789.62	18572	-62.999	453
789.92	18611	-62.999	454
790.2	18651	-62.999	455
790.47	18691	-62.999	456
790.82	18730	-62.999	457
791.16	18770	-62.999	458
791.49	18810	-62.999	459
791.81	18849	-62.999	460
792.21	18890	-62.999	461
792.46	18931	-62.999	462
792.7	18973	-62.999	463
792.92	19014	-62.999	464
793.13	19055	-62.999	465
793.34	19077	-62.999	466
793.62	19098	-64.999	467
793.89	19120	-64.999	468
794.15	19161	-64.999	469
794.4	19202	-64.999	470
794.73	19243	-64.999	471
795.05	19282	-64.999	472
795.35	19321	-64.999	473
795.64	19360	-64.999	474
796.02	19399	-64.999	475
796.38	19439	-64.999	476
796.73	19478	-64.999	477
796.94	19517	-64.999	478
797.22	19556	-64.999	479
797.5	19595	-64.999	480
797.76	19634	-64.999	481
798.01	19654	-64.999	482
798.24	19675	-66.999	483
798.47	19695	-66.999	484
798.77	19737	-66.999	485
799.07	19778	-66.999	486
799.35	19818	-66.999	487
799.62	19857	-66.999	488
799.97	19896	-66.999	489
800.31	19934	-66.999	490
800.64	19972	-66.999	491
800.95	20009	-66.999	492
801.35	20047	-66.999	493
801.6	20085	-66.999	494
801.84	20123	-66.999	495
802.06	20161	-66.999	496
802.37	20198	-66.999	497
802.67	20217	-66.999	498
802.95	20236	-68.999	499
803.22	20255	-68.999	500
803.48	20296	-68.999	501
803.73	20337	-68.999	502
804.06	20375	-68.999	503
804.37	20413	-68.999	504
804.67	20451	-68.999	505
804.96	20489	-68.999	506
805.34	20527	-68.999	507
805.69	20566	-68.999	508
806.04	20604	-68.999	509
806.24	20642	-68.999	510
806.53	20680	-68.999	511
806.8	20718	-68.999	512
807.06	20756	-68.999	513
807.31	20772	-68.999	514
807.64	20789	-70.999	515
807.95	20808	-70.999	516
808.26	20849	-70.999	517
808.55	20889	-70.999	518
808.83	20928	-70.999	519
809.1	20966	-70.999	520
809.44	21004	-70.999	521
809.78	21042	-70.999	522
810.1	21080	-70.999	523
810.41	21118	-70.999	524
810.8	21157	-70.999	525
811.05	21195	-70.999	526
811.28	21233	-70.999	527
811.51	21271	-70.999	528
811.81	21309	-70.999	529
812.1	21325	-70.999	530
812.38	21363	-72.999	531
812.65	21404	-72.999	532
813	21445	-72.999	533
813.33	21485	-72.999	534
813.65	21546	-72.999	535
813.97	21606	-72.999	536
814.26	21666	-72.999	537
814.55	21726	-72.999	538
814.92	21786	-72.999	539
815.27	21846	-72.999	540
815.61	21925	-72.999	541
815.81	22004	-72.999	542
816.09	22083	-72.999	543
816.36	22162	-72.999	544
816.62	22261	-74.999	545
816.86	22337	-74.999	546
817.18	22414	-74.999	547
817.49	22493	-74.999	548
817.79	22592	-76.999	549
818.08	22691	-76.999	550
818.44	22789	-76.999	551
818.79	22888	-76.999	552
819.13	23007	-76.999	553
819.46	23125	-76.999	554
819.78	23244	-78.999	555
820.08	23362	-78.999	556
820.46	23480	-78.999	557
820.71	23598	-78.999	558
820.94	23735	-80.999	559
821.16	23851	-80.999	560
821.46	23966	-80.999	561
821.75	24081	-80.999	562
822.02	24216	-82.999	563
822.29	24331	-82.999	564
822.62	24446	-82.999	565
822.95	24560	-82.999	566
823.27	24695	-84.999	567
823.57	24829	-84.999	568
823.95	24963	-84.999	569
824.32	25077	-84.999	570
824.67	25212	-84.999	571
825.01	25346	-84.999	572
825.35	25480	-86.999	573
825.67	25594	-86.999	574
826.06	25709	-86.999	575
826.33	25823	-86.999	576
826.58	25957	-88.999	577
826.82	26071	-88.999	578
827.14	26186	-88.999	579
827.44	26301	-88.999	580
827.73	26436	-90.999	581
828.01	26552	-90.999	582
828.37	26668	-90.999	583
828.71	26786	-90.999	584
829.04	26926	-92.999	585
829.36	27067	-92.999	586
829.75	27210	-92.999	587
830.14	27335	-92.999	588
830.51	27484	-92.999	589
830.86	27633	-92.999	590
831.21	27784	-94.999	591
831.43	27916	-94.999	592
831.72	28049	-94.999	593
832	28182	-94.999	594
832.27	28337	-96.999	595
832.53	28473	-96.999	596
832.86	28609	-96.999	597
833.18	28747	-96.999	598
833.49	28907	-98.999	599
833.79	29047	-98.999	600
834.16	29189	-98.999	601
834.51	29331	-98.999	602
834.86	29494	-101	603
835.2	29658	-101	604
835.6	29823	-101	605
836	29969	-101	606
836.38	30137	-101	607
836.64	30306	-101	608
836.89	30476	-103	609
837.13	30626	-103	610
837.43	30779	-103	611
837.73	30931	-103	612
838.02	31105	-105	613
838.29	31258	-105	614
838.64	31410	-105	615
838.97	31561	-105	616
839.29	31733	-107	617
839.61	31882	-107	618
839.99	32031	-107	619
840.36	32180	-107	620
840.72	32350	-109	621
841.07	32521	-109	622
841.49	32691	-109	623
841.79	32842	-109	624
842.07	33013	-109	625
842.35	33185	-109	626
842.61	33356	-111	627
842.87	33506	-111	628
843.19	33657	-111	629
843.5	33808	-111	630
843.8	33980	-113	631
844.09	34132	-113	632
844.45	34283	-113	633
844.8	34435	-113	634
845.14	34607	-115	635
845.47	34758	-115	636
845.86	34909	-115	637
846.25	35059	-115	638
846.62	35229	-117	639
846.88	35399	-117	640
847.2	35568	-117	641
847.51	35715	-117	642
847.81	35884	-117	643
848.1	36052	-117	644
848.38	36220	-119	645
848.65	36367	-119	646
848.99	36514	-119	647
849.31	36661	-119	648
849.63	36829	-121	649
849.94	36975	-121	650
850.31	37121	-121	651
850.67	37267	-121	652
851.03	37434	-123	653
851.37	37579	-123	654
851.78	37725	-123	655
852.07	37870	-123	656
852.35	38036	-125	657
852.62	38202	-125	658
852.95	38367	-125	659
853.28	38512	-125	660
853.59	38678	-125	661
853.9	38843	-125	662
854.19	39009	-127	663
854.48	39153	-127	664
854.83	39298	-127	665
855.17	39442	-127	666
855.5	39607	-129	667
855.83	39751	-129	668
856.21	39895	-129	669
856.48	40039	-129	670
856.74	40204	-131	671
856.99	40347	-131	672
857.3	40490	-131	673
857.5	40633	-131	674
857.69	40798	-133	675
857.89	40961	-133	676
858.16	41125	-133	677
858.45	41268	-133	678
858.74	41431	-133	679
858.94	41595	-133	680
859.14	41758	-135	681
859.35	41901	-135	682
859.64	42040	-135	683
859.83	42180	-135	684
860.03	42343	-137	685
860.24	42486	-137	686
860.53	42629	-137	687
860.72	42772	-137	688
860.92	42935	-139	689
861.12	43078	-139	690
861.4	43221	-139	691
861.59	43364	-139	692
861.78	43527	-141	693
861.98	43691	-141	694
862.25	43854	-141	695
862.53	43997	-141	696
862.81	44161	-141	697
863	44325	-141	698
863.24	44489	-143	699
863.48	44633	-143	700
863.74	44773	-143	701
863.9	44913	-143	702
864.07	45078	-145	703
864.25	45221	-145	704
864.46	45365	-145	705
864.66	45509	-145	706
864.85	45674	-147	707
865.02	45818	-147	708
865.29	45962	-147	709
865.54	46105	-147	710
865.79	46270	-149	711
866.02	46439	-149	712
866.24	46607	-149	713
866.45	46751	-149	714
866.65	46916	-149	715
866.84	47081	-149	716
867.02	47245	-151	717
867.29	47389	-151	718
867.55	47530	-151	719
867.79	47670	-151	720
868.03	47835	-153	721
868.25	47979	-153	722
868.47	48122	-153	723
868.67	48266	-153	724
868.85	48430	-155	725
869.03	48574	-155	726
869.3	48717	-155	727
869.56	48860	-155	728
869.82	49024	-157	729
870.05	49192	-157	730
870.28	49359	-157	731
870.49	49501	-157	732
870.7	49666	-157	733
870.88	49829	-157	734
871.06	49993	-159	735
871.34	50136	-159	736
871.6	50275	-159	737
871.86	50414	-159	738
872.1	50578	-161	739
872.33	50721	-161	740
872.55	50863	-161	741
872.75	51006	-161	742
872.93	51170	-163	743
873.1	51314	-163	744
873.39	51457	-163	745
873.67	51599	-163	746
873.93	51765	-165	747
874.17	51933	-165	748
874.41	52101	-165	749
874.62	52243	-165	750
874.82	52409	-165	751
875.01	52574	-165	752
875.18	52739	-167	753
875.47	52883	-167	754
875.76	53022	-167	755
876.02	53162	-167	756
876.27	53328	-169	757
876.51	53473	-169	758
876.73	53617	-169	759
876.93	53761	-169	760
877.11	53928	-171	761
877.28	54074	-171	762
877.58	54219	-171	763
877.87	54364	-171	764
878.14	54532	-173	765
878.4	54703	-173	766
878.64	54874	-173	767
878.86	55019	-173	768
879.06	55188	-173	769
879.23	55357	-173	770
879.39	55525	-175	771
879.71	55671	-175	772
880.01	55814	-175	773
880.29	55957	-175	774
880.55	56126	-177	775
880.79	56273	-177	776
881	56419	-177	777
881.2	56566	-177	778
881.37	56736	-179	779
881.52	56883	-179	780
881.85	57030	-179	781
882.15	57177	-179	782
882.44	57347	-181	783
882.71	57520	-181	784
882.95	57693	-181	785
883.16	57840	-181	786
883.35	58010	-181	787
883.5	58179	-181	788
883.63	58349	-183	789
883.98	58495	-183	790
884.29	58638	-183	791
884.59	58782	-183	792
884.86	58951	-185	793
885.09	59097	-185	794
885.3	59243	-185	795
885.47	59389	-185	796
885.6	59557	-187	797
885.69	59702	-187	798
886.05	59848	-187	799
886.39	59993	-187	800