583.32	4545	-14.999	0.001
583.32	4545	-14.999	1.001
583.32	4545	-14.999	2.001
583.32	4545	-14.999	3.001
583.32	4545	-14.999	4.001
583.31	4545	-14.999	5.001
583.31	4545	-14.999	6.001
583.3	4545	-14.999	7.001
583.3	4545	-14.999	8.001
583.29	4545	-14.999	9.001
583.29	4545	-14.999	10.001
583.28	4545	-14.999	11.001
583.27	4545	-14.999	12.001
583.27	4545	-14.999	13.001
583.26	4545	-14.999	14.001
583.25	4545	-14.999	15.001
583.24	4545	-14.999	16.001
583.23	4545	-14.999	17.001
583.22	4545	-14.999	18.001
583.21	4545	-14.999	19.001
583.2	4545	-14.999	20.001
583.19	4545	-14.999	21.001
583.18	4545	-14.999	22.001
583.17	4545	-14.999	23.001
583.16	4545	-14.999	24.001
583.14	4545	-14.999	25.001
583.13	4545	-14.999	26.001
583.12	4545	-14.999	27.001
583.11	4545	-14.999	28.001
583.09	4545	-14.999	29.001
583.08	4545	-14.999	30.001
583.07	4545	-14.999	31.001
583.05	4545	-14.999	32.001
583.04	4545	-14.999	33.001
583.02	4545	-14.999	34.001
583.01	4545	-14.999	35.001
583	4545	-14.999	36.001
582.98	4545	-14.999	37.001
582.97	4545	-14.999	38.001
582.95	4545	-14.999	39.001
582.94	4545	-14.999	40.001
582.92	4545	-14.999	41.001
582.91	4545	-14.999	42.001
582.89	4545	-14.999	43.001
582.88	4545	-14.999	44.001
582.86	4545	-14.999	45.001
582.85	4545	-14.999	46.001
582.83	4545	-14.999	47.001
582.81	4545	-14.999	48.001
582.8	4545	-14.999	49.001
582.78	4545	-14.999	50.001
582.77	4545	-14.999	51.001
582.75	4545	-14.999	52.001
582.73	4545	-14.999	53.001
582.72	4545	-14.999	54.001
582.7	4545	-14.999	55.001
582.68	4545	-14.999	56.001
582.67	4545	-14.999	57.001
582.65	4545	-14.999	58.001
582.64	4545	-14.999	59.001
582.62	4545	-14.999	60.001
582.6	4545	-14.999	61.001
582.58	4545	-14.999	62.001
582.57	4545	-14.999	63.001
582.55	4545	-14.999	64.001
582.53	4545	-14.999	65.001
582.52	4545	-14.999	66.001
582.5	4545	-14.999	67.001
582.48	4545	-14.999	68.001
582.47	4545	-14.999	69.001
582.45	4545	-14.999	70.001
582.43	4545	-14.999	71.001
582.41	4545	-14.999	72.001
582.4	4545	-14.999	73.001
582.39	4545	-14.999	74.001
582.34	4545	-14.999	75.001
582.23	4545	-14.999	76.001
582.06	4545	-14.999	77.001
581.83	4545	-14.999	78.001
581.55	4545	-14.999	79.001
581.7	4545	-14.999	80.001
581.79	4545	-14.999	81.001
581.81	4545	-14.999	82.001
581.78	4545	-14.999	83.001
581.69	4545	-14.999	84.001
581.55	4545	-14.999	85.001
581.36	4545	-14.999	86.001
581.11	4545	-14.999	87.001
581.26	4545	-14.999	88.001
581.35	4545	-14.999	89.001
581.38	4545	-14.999	90.001
581.36	4545	-14.999	91.001
581.29	4545	-14.999	92.001
581.18	4545	-14.999	93.001
581.01	4545	-14.999	94.001
580.8	4545	-14.999	95.001
580.95	4545	-14.999	96.001
581.04	4545	-14.999	97.001
581.08	4545.1	-14.999	98.001
581.08	4545.1	-14.999	99.001
581.05	4545.1	-14.999	100
581.01	4545.1	-14.999	101
580.96	4545.1	-14.999	102
580.9	4545.1	-14.999	103
580.82	4545.1	-14.999	104
580.74	4545.1	-14.999	105
580.64	4545.1	-14.999	106
580.53	4545.1	-14.999	107
580.6	4545.1	-14.999	108
580.66	4545.1	-14.999	109
580.71	4545.1	-14.999	110
580.74	4545.1	-14.999	111
580.77	4545.1	-14.999	112
580.78	4545.1	-14.999	113
580.79	4545.1	-14.999	114
580.78	4545.1	-14.999	115
580.76	4545.1	-14.999	116
580.73	4545.1	-14.999	117
580.69	4545.1	-14.999	118
580.64	4545.1	-14.999	119
580.58	4545.1	-14.999	120
580.5	4545.1	-14.999	121
580.42	4545.1	-14.999	122
580.33	4545.1	-14.999	123
580.41	4545.1	-14.999	124
580.48	4545.1	-14.999	125
580.54	4545.1	-14.999	126
580.58	4545.1	-14.999	127
580.62	4545.1	-14.999	128
580.65	4545.1	-14.999	129
580.66	4545.1	-14.999	130
580.67	4545.1	-14.999	131
580.66	4545.1	-14.999	132
580.65	4545.1	-14.999	133
580.62	4545.1	-14.999	134
580.59	4545.1	-14.999	135
580.54	4545.1	-14.999	136
580.49	4545.1	-14.999	137
580.42	4545	-14.999	138
580.35	4544.9	-14.999	139
580.44	4544.7	-14.999	140
580.53	4544.5	-14.999	141
580.6	4544.3	-14.999	142
580.66	4544.1	-14.999	143
580.71	4544	-14.999	144
580.76	4564	-14.999	145
580.79	4584.1	-14.999	146
580.81	4604.1	-14.999	147
580.82	4624.2	-14.999	148
580.83	4644.2	-14.999	149
580.82	4664.2	-14.999	150
580.81	4684.3	-14.999	151
580.78	4704.4	-14.999	152
580.75	4724.6	-14.999	153
580.7	4744.7	-14.999	154
580.65	4764.9	-14.999	155
580.76	4785.2	-14.999	156
580.86	4805.4	-14.999	157
580.95	4825.7	-14.999	158
581.03	4846.1	-16.999	159
581.1	4866.5	-16.999	160
581.16	4906.3	-16.999	161
581.21	4946.1	-16.999	162
581.26	4986.8	-16.999	163
581.29	5027.5	-16.999	164
581.31	5068.4	-16.999	165
581.33	5109.3	-16.999	166
581.33	5150.3	-16.999	167
581.33	5191.5	-16.999	168
581.32	5232.7	-16.999	169
581.3	5274.1	-16.999	170
581.27	5315.5	-16.999	171
581.23	5357	-16.999	172
581.19	5398.5	-16.999	173
581.3	5419.9	-16.999	174
581.4	5441.4	-18.999	175
581.49	5463.1	-18.999	176
581.57	5504.4	-18.999	177
581.65	5545.8	-18.999	178
581.71	5587.2	-18.999	179
581.77	5628.8	-18.999	180
581.82	5670.3	-18.999	181
581.85	5712	-18.999	182
581.89	5754.6	-18.999	183
581.91	5797.2	-18.999	184
581.92	5840	-18.999	185
581.93	5882.8	-18.999	186
581.93	5925.8	-18.999	187
581.91	5968.8	-18.999	188
581.9	6011.9	-18.999	189
582.03	6035.8	-18.999	190
582.15	6059.8	-20.999	191
582.27	6083	-20.999	192
582.37	6126	-20.999	193
582.47	6169.1	-20.999	194
582.56	6212.3	-20.999	195
582.64	6255.6	-20.999	196
582.71	6299	-20.999	197
582.78	6342.4	-20.999	198
582.84	6386	-20.999	199
582.88	6429.6	-20.999	200
582.93	6474.3	-20.999	201
582.96	6519	-20.999	202
582.98	6563.7	-20.999	203
583	6608.5	-20.999	204
583.01	6653.3	-20.999	205
583.17	6678.6	-20.999	206
583.32	6703.8	-22.999	207
583.46	6729.1	-22.999	208
583.59	6774.2	-22.999	209
583.71	6819.2	-22.999	210
583.83	6864.3	-22.999	211
583.93	6908.6	-22.999	212
584.04	6952.9	-22.999	213
584.13	6997.2	-22.999	214
584.21	7041.5	-22.999	215
584.29	7085.8	-22.999	216
584.36	7130	-22.999	217
584.42	7174.2	-22.999	218
584.48	7219.4	-22.999	219
584.53	7264.4	-22.999	220
584.57	7309.4	-22.999	221
584.75	7334.5	-22.999	222
584.93	7359.6	-24.999	223
585.09	7384.5	-24.999	224
585.25	7429.3	-24.999	225
585.4	7474	-24.999	226
585.54	7518.6	-24.999	227
585.68	7563.1	-24.999	228
585.81	7607.3	-24.999	229
585.93	7650.6	-24.999	230
586.05	7693.6	-24.999	231
586.15	7736.6	-24.999	232
586.25	7779.4	-24.999	233
586.35	7822.1	-24.999	234
586.44	7864.8	-24.999	235
586.52	7907.3	-24.999	236
586.59	7949.7	-24.999	237
586.8	7972.2	-24.999	238
587	7996	-26.999	239
587.2	8019.7	-26.999	240
587.38	8062.7	-26.999	241
587.56	8105.6	-26.999	242
587.74	8148.4	-26.999	243
587.9	8191	-26.999	244
588.06	8233.5	-26.999	245
588.21	8275.9	-26.999	246
588.36	8318.2	-26.999	247
588.49	8359.3	-26.999	248
588.64	8400.4	-26.999	249
588.78	8441.4	-26.999	250
588.93	8482.3	-26.999	251
589.09	8523.1	-26.999	252
589.25	8563.8	-26.999	253
589.55	8584.4	-26.999	254
589.86	8605	-28.999	255
590.17	8625.5	-28.999	256
590.49	8647.3	-28.999	257
590.82	8669.1	-28.999	258
590.95	8710.1	-28.999	259
591.09	8751	-28.999	260
591.24	8791.9	-28.999	261
591.39	8832.8	-28.999	262
591.54	8873.6	-28.999	263
591.71	8914.4	-28.999	264
591.88	8955.3	-28.999	265
592.05	8996.1	-28.999	266
592.23	9036.9	-28.999	267
592.42	9076.4	-28.999	268
592.61	9115.9	-28.999	269
592.94	9135.9	-28.999	270
593.28	9155.9	-28.999	271
593.62	9175.9	-28.999	272
593.97	9195.9	-30.999	273
594.32	9216	-30.999	274
594.48	9256.5	-30.999	275
594.65	9297	-30.999	276
594.83	9337.6	-30.999	277
595.01	9378.2	-30.999	278
595.19	9418.9	-30.999	279
595.39	9459.6	-30.999	280
595.59	9500.3	-30.999	281
595.79	9541.2	-30.999	282
596.01	9582	-30.999	283
596.23	9622.9	-30.999	284
596.45	9663.8	-30.999	285
596.68	9703.4	-30.999	286
596.92	9742.9	-30.999	287
597.29	9763.4	-30.999	288
597.66	9783.8	-32.999	289
598.04	9804.3	-32.999	290
598.23	9843.6	-32.999	291
598.43	9882.9	-32.999	292
598.64	9923.5	-32.999	293
598.85	9964	-32.999	294
599.06	10004	-32.999	295
599.28	10045	-32.999	296
599.51	10085	-32.999	297
599.75	10126	-32.999	298
599.99	10166	-32.999	299
600.24	10207	-32.999	300
600.49	10247	-32.999	301
600.76	10287	-32.999	302
601.02	10328	-32.999	303
601.41	10348	-32.999	304
601.81	10368	-34.999	305
602.21	10388	-34.999	306
602.43	10427	-34.999	307
602.65	10466	-34.999	308
602.88	10505	-34.999	309
603.12	10544	-34.999	310
603.36	10583	-34.999	311
603.61	10622	-34.999	312
603.87	10662	-34.999	313
604.13	10703	-34.999	314
604.4	10743	-34.999	315
604.67	10783	-34.999	316
604.96	10824	-34.999	317
605.24	10864	-34.999	318
605.54	10904	-34.999	319
605.95	10926	-34.999	320
606.36	10947	-36.999	321
606.78	10968	-36.999	322
607.03	11007	-36.999	323
607.28	11046	-36.999	324
607.53	11085	-36.999	325
607.79	11124	-36.999	326
608.06	11164	-36.999	327
608.33	11203	-36.999	328
608.61	11242	-36.999	329
608.9	11282	-36.999	330
609.19	11322	-36.999	331
609.49	11363	-36.999	332
609.79	11403	-36.999	333
610.1	11443	-36.999	334
610.42	11484	-36.999	335
610.85	11505	-36.999	336
611.28	11526	-38.999	337
611.72	11548	-38.999	338
611.99	11588	-38.999	339
612.26	11628	-38.999	340
612.53	11669	-38.999	341
612.82	11708	-38.999	342
613.11	11747	-38.999	343
613.4	11786	-38.999	344
613.7	11825	-38.999	345
614.01	11864	-38.999	346
614.32	11903	-38.999	347
614.64	11942	-38.999	348
614.96	11982	-38.999	349
615.29	12022	-38.999	350
615.63	12063	-38.999	351
616.07	12084	-38.999	352
616.52	12105	-40.999	353
616.97	12127	-40.999	354
617.26	12167	-40.999	355
617.55	12207	-40.999	356
617.85	12248	-40.999	357
618.15	12288	-40.999	358
618.46	12328	-40.999	359
618.77	12367	-40.999	360
619.09	12406	-40.999	361
619.41	12446	-40.999	362
619.74	12485	-40.999	363
620.08	12524	-40.999	364
620.42	12563	-40.999	365
620.77	12602	-40.999	366
621.12	12641	-40.999	367
621.58	12661	-40.999	368
622.04	12683	-42.999	369
622.5	12704	-42.999	370
622.97	12726	-42.999	371
623.44	12747	-42.999	372
623.75	12787	-42.999	373
624.07	12828	-42.999	374
624.4	12868	-42.999	375
624.72	12908	-42.999	376
625.06	12949	-42.999	377
625.4	12988	-42.999	378
625.74	13027	-42.999	379
626.1	13066	-42.999	380
626.45	13105	-42.999	381
626.81	13144	-42.999	382
627.18	13183	-42.999	383
627.64	13203	-42.999	384
628.11	13223	-42.999	385
628.59	13243	-42.999	386
629.06	13265	-44.999	387
629.54	13286	-44.999	388
629.87	13327	-44.999	389
630.2	13367	-44.999	390
630.54	13407	-44.999	391
630.88	13448	-44.999	392
631.23	13488	-44.999	393
631.58	13528	-44.999	394
631.94	13569	-44.999	395
632.3	13609	-44.999	396
632.67	13650	-44.999	397
633.04	13689	-44.999	398
633.42	13728	-44.999	399
633.81	13767	-44.999	400
634.19	13806	-44.999	401
634.67	13826	-44.999	402
635.16	13846	-46.999	403
635.64	13867	-46.999	404
635.98	13907	-46.999	405
636.33	13948	-46.999	406
636.68	13988	-46.999	407
637.03	14028	-46.999	408
637.39	14069	-46.999	409
637.75	14109	-46.999	410
638.12	14150	-46.999	411
638.49	14190	-46.999	412
638.87	14231	-46.999	413
639.25	14271	-46.999	414
639.64	14311	-46.999	415
640.03	14351	-46.999	416
640.42	14390	-46.999	417
640.91	14410	-46.999	418
641.39	14430	-48.999	419
641.88	14450	-48.999	420
642.23	14490	-48.999	421
642.59	14529	-48.999	422
642.94	14569	-48.999	423
643.3	14610	-48.999	424
643.67	14650	-48.999	425
644.04	14691	-48.999	426
644.42	14731	-48.999	427
644.8	14772	-48.999	428
645.18	14812	-48.999	429
645.57	14853	-48.999	430
645.96	14893	-48.999	431
646.36	14934	-48.999	432
646.76	14974	-48.999	433
647.25	14994	-48.999	434
647.74	15015	-50.999	435
648.23	15035	-50.999	436
648.58	15074	-50.999	437
648.94	15113	-50.999	438
649.31	15153	-50.999	439
649.68	15192	-50.999	440
650.05	15231	-50.999	441
650.42	15271	-50.999	442
650.8	15311	-50.999	443
651.19	15352	-50.999	444
651.58	15393	-50.999	445
651.97	15434	-50.999	446
652.37	15475	-50.999	447
652.77	15516	-50.999	448
653.17	15556	-50.999	449
653.66	15578	-50.999	450
654.15	15600	-52.999	451
654.64	15620	-52.999	452
655	15660	-52.999	453
655.36	15700	-52.999	454
655.72	15739	-52.999	455
656.14	15779	-52.999	456
656.56	15818	-52.999	457
656.97	15857	-52.999	458
657.37	15897	-52.999	459
657.84	15936	-52.999	460
658.3	15977	-52.999	461
658.74	16018	-52.999	462
659.19	16059	-52.999	463
659.7	16100	-52.999	464
660.2	16141	-52.999	465
660.69	16163	-52.999	466
661.17	16185	-54.999	467
661.72	16207	-54.999	468
662.13	16247	-54.999	469
662.53	16288	-54.999	470
662.92	16329	-54.999	471
663.31	16368	-54.999	472
663.69	16407	-54.999	473
664.13	16446	-54.999	474
664.56	16485	-54.999	475
664.99	16524	-54.999	476
665.41	16563	-54.999	477
665.89	16602	-54.999	478
666.37	16641	-54.999	479
666.83	16680	-54.999	480
667.29	16719	-54.999	481
667.81	16739	-54.999	482
668.32	16759	-56.999	483
668.82	16779	-56.999	484
669.31	16799	-56.999	485
669.87	16819	-56.999	486
670.3	16858	-56.999	487
670.72	16897	-56.999	488
671.13	16936	-56.999	489
671.53	16974	-56.999	490
671.92	17011	-56.999	491
672.38	17049	-56.999	492
672.83	17086	-56.999	493
673.27	17124	-56.999	494
673.7	17162	-56.999	495
674.19	17199	-56.999	496
674.68	17237	-56.999	497
675.15	17256	-56.999	498
675.62	17275	-56.999	499
676.15	17293	-56.999	500
676.67	17312	-58.999	501
677.18	17331	-58.999	502
677.56	17369	-58.999	503
678.01	17407	-58.999	504
678.45	17445	-58.999	505
678.88	17483	-58.999	506
679.31	17521	-58.999	507
679.72	17559	-58.999	508
680.13	17597	-58.999	509
680.59	17635	-58.999	510
681.05	17673	-58.999	511
681.5	17711	-58.999	512
681.94	17749	-58.999	513
682.44	17787	-58.999	514
682.93	17824	-58.999	515
683.41	17843	-58.999	516
683.89	17862	-60.999	517
684.42	17881	-60.999	518
684.84	17919	-60.999	519
685.24	17957	-60.999	520
685.64	17995	-60.999	521
686.1	18033	-60.999	522
686.55	18071	-60.999	523
686.99	18109	-60.999	524
687.42	18147	-60.999	525
687.84	18185	-60.999	526
688.26	18223	-60.999	527
688.73	18261	-60.999	528
689.19	18298	-60.999	529
689.65	18336	-60.999	530
690.09	18374	-60.999	531
690.6	18393	-60.999	532
691.1	18412	-62.999	533
691.58	18431	-62.999	534
691.95	18468	-62.999	535
692.39	18506	-62.999	536
692.81	18544	-62.999	537
693.22	18582	-62.999	538
693.63	18620	-62.999	539
694.1	18657	-62.999	540
694.55	18714	-62.999	541
695	18771	-62.999	542
695.44	18828	-62.999	543
695.87	18884	-62.999	544
696.29	18960	-62.999	545
696.77	19036	-62.999	546
697.24	19112	-62.999	547
697.7	19169	-62.999	548
698.15	19245	-64.999	549
698.66	19321	-64.999	550
699.06	19397	-64.999	551
699.45	19473	-64.999	552
699.84	19568	-64.999	553
700.28	19663	-64.999	554
700.71	19759	-66.999	555
701.13	19854	-66.999	556
701.55	19949	-66.999	557
702.02	20044	-66.999	558
702.49	20158	-68.999	559
702.94	20272	-68.999	560
703.39	20386	-68.999	561
703.82	20500	-68.999	562
704.26	20633	-70.999	563
704.74	20747	-70.999	564
705.22	20860	-70.999	565
705.68	20974	-70.999	566
706.05	21106	-72.999	567
706.46	21239	-72.999	568
706.87	21371	-72.999	569
707.28	21484	-72.999	570
707.67	21616	-72.999	571
708.12	21749	-72.999	572
708.56	21881	-74.999	573
709	21994	-74.999	574
709.42	22106	-74.999	575
709.9	22219	-74.999	576
710.37	22351	-76.999	577
710.84	22464	-76.999	578
711.29	22578	-76.999	579
711.74	22691	-76.999	580
712.18	22824	-78.999	581
712.67	22938	-78.999	582
713.06	23053	-78.999	583
713.44	23170	-78.999	584
713.82	23307	-80.999	585
714.25	23446	-80.999	586
714.67	23587	-80.999	587
715.08	23711	-80.999	588
715.49	23857	-80.999	589
715.95	24004	-80.999	590
716.4	24153	-82.999	591
716.85	24283	-82.999	592
717.28	24415	-82.999	593
717.77	24547	-82.999	594
718.25	24699	-84.999	595
718.72	24834	-84.999	596
719.19	24969	-84.999	597
719.7	25105	-84.999	598
720.21	25262	-86.999	599
720.7	25401	-86.999	600
721.11	25540	-86.999	601
721.51	25680	-86.999	602
721.9	25841	-88.999	603
722.34	26002	-88.999	604
722.77	26165	-88.999	605
723.2	26309	-88.999	606
723.62	26474	-88.999	607
724.09	26640	-88.999	608
724.55	26807	-90.999	609
725	26956	-90.999	610
725.45	27107	-90.999	611
725.95	27258	-90.999	612
726.44	27429	-92.999	613
726.92	27579	-92.999	614
727.39	27730	-92.999	615
727.91	27879	-92.999	616
728.34	28048	-94.999	617
728.77	28196	-94.999	618
729.18	28343	-94.999	619
729.6	28490	-94.999	620
730	28657	-96.999	621
730.45	28824	-96.999	622
730.9	28992	-96.999	623
731.34	29141	-96.999	624
731.77	29310	-96.999	625
732.25	29479	-96.999	626
732.73	29647	-98.999	627
733.19	29797	-98.999	628
733.65	29946	-98.999	629
734.16	30096	-98.999	630
734.65	30265	-101	631
735.14	30415	-101	632
735.55	30566	-101	633
736	30716	-101	634
736.44	30886	-103	635
736.88	31036	-103	636
737.31	31185	-103	637
737.73	31334	-103	638
738.16	31503	-105	639
738.62	31670	-105	640
739.08	31837	-105	641
739.53	31984	-105	642
739.98	32150	-105	643
740.47	32317	-105	644
740.95	32483	-107	645
741.43	32629	-107	646
741.9	32775	-107	647
742.41	32921	-107	648
742.84	33086	-109	649
743.26	33231	-109	650
743.68	33376	-109	651
744.14	33521	-109	652
744.61	33686	-111	653
745.07	33830	-111	654
745.46	33975	-111	655
745.86	34119	-111	656
746.27	34283	-113	657
746.73	34447	-113	658
747.12	34610	-113	659
747.52	34754	-113	660
747.92	34917	-113	661
748.38	35081	-113	662
748.77	35244	-115	663
749.16	35387	-115	664
749.56	35530	-115	665
750.02	35674	-115	666
750.4	35836	-117	667
750.79	35979	-117	668
751.19	36122	-117	669
751.64	36264	-117	670
752.1	36427	-119	671
752.56	36569	-119	672
752.96	36711	-119	673
753.37	36853	-119	674
753.78	37015	-121	675
754.24	37177	-121	676
754.64	37338	-121	677
755.04	37480	-121	678
755.45	37642	-121	679
755.91	37804	-121	680
756.3	37965	-123	681
756.7	38107	-123	682
757.11	38268	-123	683
757.57	38430	-123	684
757.96	38591	-125	685
758.35	38733	-125	686
758.76	38875	-125	687
759.21	39016	-125	688
759.67	39178	-127	689
760.14	39320	-127	690
760.54	39462	-127	691
760.95	39604	-127	692
761.38	39765	-129	693
761.84	39927	-129	694
762.24	40089	-129	695
762.65	40231	-129	696
763.07	40394	-131	697
763.53	40556	-131	698
763.93	40718	-131	699
764.33	40861	-131	700
764.75	41024	-131	701
765.21	41186	-131	702
765.6	41349	-133	703
766	41492	-133	704
766.42	41635	-133	705
766.87	41778	-133	706
767.34	41941	-135	707
767.81	42084	-135	708
768.22	42227	-135	709
768.64	42370	-135	710
769.06	42533	-137	711
769.53	42677	-137	712
769.94	42820	-137	713
770.35	42963	-137	714
770.78	43126	-139	715
771.24	43290	-139	716
771.65	43453	-139	717
772.06	43596	-139	718
772.48	43759	-139	719
772.95	43922	-139	720
773.35	44085	-141	721
773.76	44227	-141	722
774.18	44370	-141	723
774.64	44513	-141	724
775.11	44675	-143	725
775.58	44818	-143	726
776	44960	-143	727
776.42	45102	-143	728
776.86	45264	-145	729
777.33	45406	-145	730
777.75	45548	-145	731
778.17	45690	-145	732
778.6	45852	-147	733
779.07	46013	-147	734
779.48	46175	-147	735
779.9	46316	-147	736
780.33	46478	-147	737
780.8	46640	-147	738
781.2	46802	-149	739
781.62	46943	-149	740
782.04	47085	-149	741
782.51	47226	-149	742
782.98	47388	-151	743
783.46	47529	-151	744
783.88	47671	-151	745
784.31	47812	-151	746
784.75	47974	-153	747
785.22	48115	-153	748
785.64	48257	-153	749
786.06	48398	-153	750
786.49	48560	-155	751
786.93	48721	-155	752
787.35	48883	-155	753
787.77	49024	-155	754
788.19	49186	-155	755
788.66	49348	-155	756
789.13	49510	-157	757
789.59	49651	-157	758
790.04	49793	-157	759
790.49	49935	-157	760
790.93	50097	-159	761
791.37	50239	-159	762
791.79	50381	-159	763
792.21	50523	-159	764
792.69	50685	-161	765
793.17	50827	-161	766
793.64	50969	-161	767
794.1	51111	-161	768
794.55	51274	-163	769
795	51436	-163	770
795.44	51599	-163	771
795.87	51741	-163	772
796.29	51904	-163	773
796.7	52066	-163	774
797.11	52229	-165	775
797.58	52372	-165	776
798.05	52514	-165	777
798.5	52657	-165	778
798.95	52820	-167	779
799.39	52963	-167	780
799.83	53106	-167	781
800.25	53249	-167	782
800.66	53412	-169	783
801.07	53556	-169	784
801.55	53699	-169	785
802.01	53842	-169	786
802.47	54006	-171	787
802.92	54170	-171	788
803.37	54334	-171	789
803.8	54477	-171	790
804.22	54642	-171	791
804.63	54806	-171	792
805.04	54970	-173	793
805.52	55114	-173	794
805.99	55257	-173	795
806.45	55401	-173	796
806.9	55565	-175	797
807.34	55709	-175	798
807.77	55852	-175	799
808.2	55995	-175	800
808.61	56160	-177	801
809	56304	-177	802
809.49	56448	-177	803
809.96	56591	-177	804
810.42	56756	-179	805
810.88	56921	-179	806
811.32	57085	-179	807
811.75	57229	-179	808
812.17	57394	-179	809
812.57	57559	-179	810
812.96	57724	-181	811
813.45	57868	-181	812
813.92	58012	-181	813
814.39	58155	-181	814
814.84	58320	-183	815
815.29	58464	-183	816
815.71	58607	-183	817
816.12	58750	-183	818
816.52	58915	-185	819
816.9	59059	-185	820
817.39	59203	-185	821
817.87	59345	-185	822
818.34	59511	-187	823
818.79	59676	-187	824
819.23	59841	-187	825
819.65	59984	-187	826
820.05	60150	-187	827
820.43	60315	-187	828
820.78	60479	-189	829
821.29	60622	-189	830
821.77	60763	-189	831
822.25	60904	-189	832
822.7	61068	-191	833
823.14	61210	-191	834
823.54	61352	-191	835
823.91	61492	-191	836
824.24	61635	-193	837
824.53	61773	-193	838
825.06	61934	-193	839
825.55	62093	-193	840
826.03	62250	-195	841
826.46	62403	-195	842
826.86	62551	-195	843
827.17	62692	-195	844
827.41	62823	-195	845
827.45	62938	-195	846
827.24	63021	-197	847
827.6	63174	-197	848
827.78	63307	-197	849
827.18	63301	-197	850
