379.58	1680.9	-4.999	0.001
379.58	1680.9	-4.999	1.001
379.58	1680.9	-4.999	2.001
379.58	1680.9	-4.999	3.001
379.58	1680.9	-4.999	4.001
379.58	1680.9	-4.999	5.001
379.58	1680.9	-4.999	6.001
379.58	1680.9	-4.999	7.001
379.58	1680.9	-4.999	8.001
379.58	1680.9	-4.999	9.001
379.58	1680.9	-4.999	10.001
379.58	1680.9	-4.999	11.001
379.58	1680.9	-4.999	12.001
379.58	1680.9	-4.999	13.001
379.58	1680.9	-4.999	14.001
379.58	1680.9	-4.999	15.001
379.58	1680.9	-4.999	16.001
379.58	1680.9	-4.999	17.001
379.57	1680.9	-4.999	18.001
379.57	1680.9	-4.999	19.001
379.57	1680.9	-4.999	20.001
379.57	1680.9	-4.999	21.001
379.57	1680.9	-4.999	22.001
379.57	1680.9	-4.999	23.001
379.57	1680.9	-4.999	24.001
379.57	1680.9	-4.999	25.001
379.57	1680.9	-4.999	26.001
379.57	1680.9	-4.999	27.001
379.57	1680.9	-4.999	28.001
379.57	1680.9	-4.999	29.001
379.57	1680.9	-4.999	30.001
379.57	1680.9	-4.999	31.001
379.57	1680.9	-4.999	32.001
379.57	1680.9	-4.999	33.001
379.57	1680.9	-4.999	34.001
379.57	1680.9	-4.999	35.001
379.56	1680.9	-4.999	36.001
379.56	1680.9	-4.999	37.001
379.56	1680.9	-4.999	38.001
379.56	1680.9	-4.999	39.001
379.56	1680.9	-4.999	40.001
379.56	1680.9	-4.999	41.001
379.56	1680.9	-4.999	42.001
379.55	1680.9	-4.999	43.001
379.55	1680.9	-4.999	44.001
379.55	1680.9	-4.999	45.001
379.55	1680.9	-4.999	46.001
379.55	1680.9	-4.999	47.001
379.55	1680.9	-4.999	48.001
379.54	1680.9	-4.999	49.001
379.54	1680.9	-4.999	50.001
379.54	1680.9	-4.999	51.001
379.54	1680.9	-4.999	52.001
379.54	1680.9	-4.999	53.001
379.53	1680.9	-4.999	54.001
379.53	1680.9	-4.999	55.001
379.53	1680.9	-4.999	56.001
379.53	1680.9	-4.999	57.001
379.52	1680.9	-4.999	58.001
379.52	1680.9	-4.999	59.001
379.52	1680.9	-4.999	60.001
379.52	1680.9	-4.999	61.001
379.51	1680.9	-4.999	62.001
379.51	1680.9	-4.999	63.001
379.51	1680.9	-4.999	64.001
379.51	1680.9	-4.999	65.001
379.5	1680.9	-4.999	66.001
379.5	1680.9	-4.999	67.001
379.5	1680.9	-4.999	68.001
379.49	1680.9	-4.999	69.001
379.49	1680.9	-4.999	70.001
379.49	1680.9	-4.999	71.001
379.48	1680.9	-4.999	72.001
379.48	1680.9	-4.999	73.001
379.48	1680.9	-4.999	74.001
379.44	1680.9	-4.999	75.001
379.34	1680.9	-4.999	76.001
379.18	1680.9	-4.999	77.001
378.97	1680.9	-4.999	78.001
378.71	1680.9	-4.999	79.001
378.9	1680.9	-4.999	80.001
379.03	1680.9	-4.999	81.001
379.11	1680.9	-4.999	82.001
379.16	1680.9	-4.999	83.001
379.16	1680.9	-4.999	84.001
379.13	1680.9	-4.999	85.001
379.06	1680.9	-4.999	86.001
378.97	1680.9	-4.999	87.001
379.22	1680.9	-4.999	88.001
379.44	1680.9	-4.999	89.001
379.62	1680.9	-4.999	90.001
379.77	1680.9	-4.999	91.001
379.89	1680.9	-4.999	92.001
379.99	1680.9	-4.999	93.001
380.06	1680.9	-4.999	94.001
380.1	1680.9	-4.999	95.001
380.43	1680.9	-4.999	96.001
380.73	1680.9	-4.999	97.001
380.99	1680.9	-4.999	98.001
381.24	1680.9	-4.999	99.001
381.36	1680.9	-4.999	100
381.47	1680.9	-4.999	101
381.59	1680.9	-4.999	102
381.69	1680.9	-4.999	103
381.8	1680.9	-4.999	104
381.9	1680.9	-4.999	105
381.99	1680.9	-4.999	106
382.09	1680.9	-4.999	107
382.3	1680.9	-4.999	108
382.52	1680.9	-4.999	109
382.72	1680.9	-4.999	110
382.93	1680.9	-4.999	111
383.13	1680.9	-4.999	112
383.32	1680.9	-4.999	113
383.51	1680.9	-4.999	114
383.7	1680.9	-4.999	115
383.88	1680.9	-4.999	116
384.07	1680.9	-4.999	117
384.24	1680.9	-4.999	118
384.42	1680.9	-4.999	119
384.59	1680.9	-4.999	120
384.75	1680.9	-4.999	121
384.92	1680.9	-4.999	122
385.08	1680.9	-4.999	123
385.35	1680.9	-4.999	124
385.63	1680.9	-4.999	125
385.89	1680.9	-4.999	126
386.15	1680.9	-4.999	127
386.41	1680.9	-4.999	128
386.67	1680.9	-4.999	129
386.92	1680.9	-4.999	130
387.17	1680.9	-4.999	131
387.42	1680.9	-4.999	132
387.66	1680.9	-4.999	133
387.9	1680.9	-4.999	134
388.15	1680.9	-4.999	135
388.38	1680.9	-4.999	136
388.62	1681	-4.999	137
388.85	1681	-4.999	138
389.08	1681.1	-4.999	139
389.42	1681.2	-4.999	140
389.75	1681.3	-4.999	141
390.07	1681.4	-4.999	142
390.39	1681.5	-4.999	143
390.71	1681.6	-4.999	144
391.03	1700.9	-4.999	145
391.35	1720.2	-4.999	146
391.66	1739.6	-4.999	147
391.97	1758.9	-4.999	148
392.28	1778.2	-4.999	149
392.59	1797.6	-4.999	150
392.9	1816.9	-4.999	151
393.2	1836.3	-4.999	152
393.51	1855.7	-4.999	153
393.81	1875	-4.999	154
394.11	1894.4	-4.999	155
394.5	1913.8	-4.999	156
394.89	1933.1	-4.999	157
395.28	1952.5	-4.999	158
395.66	1971.9	-6.999	159
396.04	1991.3	-6.999	160
396.42	2029.2	-6.999	161
396.8	2067.1	-6.999	162
397.18	2105.9	-6.999	163
397.55	2144.6	-6.999	164
397.93	2183.3	-6.999	165
398.3	2222	-6.999	166
398.68	2260.8	-6.999	167
399.05	2299.5	-6.999	168
399.42	2338.2	-6.999	169
399.8	2376.9	-6.999	170
400.17	2415.6	-6.999	171
400.54	2454.3	-6.999	172
400.92	2493.1	-6.999	173
401.36	2512.6	-6.999	174
401.81	2532.1	-8.999	175
402.25	2551.6	-8.999	176
402.69	2590.3	-8.999	177
403.14	2628.9	-8.999	178
403.58	2667.5	-8.999	179
404.02	2706.2	-8.999	180
404.46	2744.8	-8.999	181
404.89	2783.5	-8.999	182
405.33	2822.9	-8.999	183
405.77	2862.4	-8.999	184
406.22	2901.8	-8.999	185
406.66	2941.3	-8.999	186
407.1	2980.7	-8.999	187
407.54	3020.2	-8.999	188
407.99	3059.6	-8.999	189
408.5	3080.6	-8.999	190
409	3101.5	-10.999	191
409.51	3121.6	-10.999	192
410.01	3161.5	-10.999	193
410.52	3201.4	-10.999	194
411.02	3241.3	-10.999	195
411.53	3281.1	-10.999	196
412.03	3321	-10.999	197
412.54	3360.8	-10.999	198
413.05	3400.6	-10.999	199
413.56	3440.4	-10.999	200
414.07	3480.9	-10.999	201
414.58	3521.5	-10.999	202
415.09	3562	-10.999	203
415.61	3602.5	-10.999	204
416.13	3643	-10.999	205
416.7	3664.4	-10.999	206
417.27	3685.7	-12.999	207
417.83	3707.1	-12.999	208
418.4	3748.6	-12.999	209
418.97	3790.2	-12.999	210
419.54	3831.7	-12.999	211
420.12	3872.4	-12.999	212
420.69	3913.1	-12.999	213
421.27	3953.9	-12.999	214
421.84	3994.6	-12.999	215
422.42	4035.3	-12.999	216
423.01	4076	-12.999	217
423.59	4116.7	-12.999	218
424.18	4158.4	-12.999	219
424.77	4200.1	-12.999	220
425.36	4241.7	-12.999	221
425.99	4263.6	-12.999	222
426.63	4285.6	-14.999	223
427.26	4307.5	-14.999	224
427.9	4349.5	-14.999	225
428.53	4391.5	-14.999	226
429.17	4433.5	-14.999	227
429.81	4475.5	-14.999	228
430.46	4517.5	-14.999	229
431.1	4558.7	-14.999	230
431.75	4600	-14.999	231
432.4	4641.2	-14.999	232
433.06	4682.4	-14.999	233
433.71	4723.7	-14.999	234
434.37	4764.9	-14.999	235
435.04	4806.1	-14.999	236
435.7	4847.4	-14.999	237
436.4	4868.4	-14.999	238
437.1	4890.9	-16.999	239
437.8	4913.3	-16.999	240
438.5	4955.2	-16.999	241
439.21	4997.1	-16.999	242
439.91	5039	-16.999	243
440.62	5080.8	-16.999	244
441.34	5122.7	-16.999	245
442.05	5164.5	-16.999	246
442.77	5206.3	-16.999	247
443.49	5247.1	-16.999	248
444.22	5287.8	-16.999	249
444.97	5328.5	-16.999	250
445.73	5369.1	-16.999	251
446.51	5409.7	-16.999	252
447.31	5450.2	-16.999	253
448.14	5470.6	-16.999	254
448.99	5491	-18.999	255
449.84	5511.4	-18.999	256
450.72	5533	-18.999	257
451.6	5554.7	-18.999	258
452.3	5595.6	-18.999	259
453.01	5636.4	-18.999	260
453.73	5677.2	-18.999	261
454.47	5717.9	-18.999	262
455.22	5758.7	-18.999	263
455.98	5799.4	-18.999	264
456.76	5840.2	-18.999	265
457.55	5881	-18.999	266
458.35	5921.7	-18.999	267
459.17	5961.1	-18.999	268
460	6000.6	-18.999	269
460.84	6020.5	-18.999	270
461.7	6040.4	-18.999	271
462.57	6060.3	-18.999	272
463.45	6080.3	-20.999	273
464.33	6100.3	-20.999	274
465.06	6140.7	-20.999	275
465.8	6181.2	-20.999	276
466.55	6221.7	-20.999	277
467.32	6262.2	-20.999	278
468.09	6302.8	-20.999	279
468.88	6343.4	-20.999	280
469.67	6384.1	-20.999	281
470.48	6424.9	-20.999	282
471.3	6465.7	-20.999	283
472.13	6506.5	-20.999	284
472.97	6547.3	-20.999	285
473.82	6586.8	-20.999	286
474.69	6626.3	-20.999	287
475.56	6646.7	-20.999	288
476.44	6667.1	-22.999	289
477.32	6687.5	-22.999	290
478.07	6726.7	-22.999	291
478.83	6766	-22.999	292
479.59	6806.4	-22.999	293
480.37	6846.9	-22.999	294
481.16	6887.3	-22.999	295
481.96	6927.8	-22.999	296
482.76	6968.1	-22.999	297
483.58	7008.5	-22.999	298
484.41	7048.9	-22.999	299
485.24	7089.2	-22.999	300
486.09	7129.5	-22.999	301
486.94	7169.8	-22.999	302
487.81	7210.2	-22.999	303
488.67	7230.1	-22.999	304
489.55	7250	-24.999	305
490.42	7269.8	-24.999	306
491.18	7308.8	-24.999	307
491.95	7347.8	-24.999	308
492.72	7386.8	-24.999	309
493.51	7425.8	-24.999	310
494.3	7464.8	-24.999	311
495.1	7503.8	-24.999	312
495.91	7544	-24.999	313
496.72	7584.3	-24.999	314
497.55	7624.6	-24.999	315
498.38	7664.8	-24.999	316
499.23	7705.1	-24.999	317
500.07	7745.3	-24.999	318
500.93	7785.6	-24.999	319
501.79	7807.1	-24.999	320
502.65	7828.6	-26.999	321
503.52	7848.8	-26.999	322
504.28	7887.9	-26.999	323
505.05	7927.1	-26.999	324
505.82	7966.3	-26.999	325
506.6	8005.5	-26.999	326
507.4	8044.7	-26.999	327
508.19	8084	-26.999	328
509	8123.2	-26.999	329
509.81	8162.4	-26.999	330
510.63	8202.9	-26.999	331
511.45	8243.3	-26.999	332
512.29	8283.7	-26.999	333
513.13	8324.1	-26.999	334
513.98	8364.4	-26.999	335
514.82	8385.7	-26.999	336
515.67	8407	-28.999	337
516.52	8428.2	-28.999	338
517.28	8468.5	-28.999	339
518.04	8508.7	-28.999	340
518.81	8548.9	-28.999	341
519.59	8587.9	-28.999	342
520.37	8626.9	-28.999	343
521.16	8665.9	-28.999	344
521.96	8704.8	-28.999	345
522.76	8743.8	-28.999	346
523.57	8782.8	-28.999	347
524.38	8821.8	-28.999	348
525.2	8862	-28.999	349
526.02	8902.2	-28.999	350
526.85	8942.4	-28.999	351
527.68	8963.7	-28.999	352
528.51	8985	-30.999	353
529.34	9006.4	-30.999	354
530.09	9046.6	-30.999	355
530.84	9086.8	-30.999	356
531.6	9127	-30.999	357
532.37	9167.3	-30.999	358
533.14	9207.5	-30.999	359
533.92	9246.6	-30.999	360
534.7	9285.6	-30.999	361
535.48	9324.7	-30.999	362
536.27	9363.8	-30.999	363
537.07	9402.9	-30.999	364
537.87	9442	-30.999	365
538.67	9481.1	-30.999	366
539.48	9520.1	-30.999	367
540.29	9540.2	-30.999	368
541.09	9561.6	-32.999	369
541.9	9582.9	-32.999	370
542.72	9604.3	-32.999	371
543.53	9625.6	-32.999	372
544.28	9665.9	-32.999	373
545.03	9706.2	-32.999	374
545.78	9746.4	-32.999	375
546.54	9786.7	-32.999	376
547.31	9827	-32.999	377
548.08	9866	-32.999	378
548.85	9905	-32.999	379
549.62	9944	-32.999	380
550.4	9983.1	-32.999	381
551.19	10022	-32.999	382
551.97	10061	-32.999	383
552.76	10081	-32.999	384
553.54	10101	-32.999	385
554.32	10121	-32.999	386
555.11	10143	-34.999	387
555.9	10164	-34.999	388
556.63	10204	-34.999	389
557.36	10245	-34.999	390
558.1	10285	-34.999	391
558.84	10325	-34.999	392
559.59	10366	-34.999	393
560.34	10406	-34.999	394
561.09	10446	-34.999	395
561.84	10486	-34.999	396
562.6	10527	-34.999	397
563.36	10566	-34.999	398
564.12	10605	-34.999	399
564.88	10644	-34.999	400
565.65	10683	-34.999	401
566.4	10703	-34.999	402
567.16	10723	-36.999	403
567.92	10743	-36.999	404
568.63	10784	-36.999	405
569.34	10824	-36.999	406
570.06	10864	-36.999	407
570.78	10904	-36.999	408
571.5	10945	-36.999	409
572.23	10985	-36.999	410
572.95	11025	-36.999	411
573.68	11066	-36.999	412
574.41	11106	-36.999	413
575.14	11146	-36.999	414
575.87	11187	-36.999	415
576.6	11226	-36.999	416
577.34	11265	-36.999	417
578.06	11285	-36.999	418
578.79	11305	-38.999	419
579.51	11325	-38.999	420
580.2	11364	-38.999	421
580.89	11403	-38.999	422
581.58	11444	-38.999	423
582.28	11484	-38.999	424
582.97	11524	-38.999	425
583.67	11565	-38.999	426
584.37	11605	-38.999	427
585.06	11646	-38.999	428
585.77	11686	-38.999	429
586.47	11726	-38.999	430
587.17	11767	-38.999	431
587.87	11807	-38.999	432
588.57	11847	-38.999	433
589.26	11868	-38.999	434
589.96	11888	-40.999	435
590.65	11908	-40.999	436
591.32	11947	-40.999	437
591.98	11986	-40.999	438
592.65	12025	-40.999	439
593.31	12065	-40.999	440
593.98	12104	-40.999	441
594.65	12143	-40.999	442
595.32	12184	-40.999	443
595.99	12224	-40.999	444
596.66	12265	-40.999	445
597.33	12306	-40.999	446
598	12346	-40.999	447
598.67	12387	-40.999	448
599.34	12428	-40.999	449
600	12449	-40.999	450
600.67	12471	-42.999	451
601.32	12492	-42.999	452
601.96	12531	-42.999	453
602.6	12570	-42.999	454
603.24	12610	-42.999	455
603.88	12649	-42.999	456
604.52	12689	-42.999	457
605.16	12728	-42.999	458
605.8	12767	-42.999	459
606.44	12807	-42.999	460
607.07	12847	-42.999	461
607.71	12888	-42.999	462
608.34	12929	-42.999	463
608.98	12970	-42.999	464
609.61	13011	-42.999	465
610.24	13032	-42.999	466
610.86	13054	-44.999	467
611.49	13076	-44.999	468
612.11	13117	-44.999	469
612.72	13157	-44.999	470
613.33	13198	-44.999	471
613.93	13237	-44.999	472
614.54	13276	-44.999	473
615.15	13314	-44.999	474
615.75	13353	-44.999	475
616.36	13392	-44.999	476
616.96	13431	-44.999	477
617.56	13470	-44.999	478
618.16	13509	-44.999	479
618.75	13548	-44.999	480
619.34	13587	-44.999	481
619.93	13607	-44.999	482
620.52	13627	-46.999	483
621.1	13647	-46.999	484
621.68	13667	-46.999	485
622.26	13687	-46.999	486
622.85	13726	-46.999	487
623.42	13765	-46.999	488
624	13804	-46.999	489
624.57	13841	-46.999	490
625.14	13879	-46.999	491
625.71	13916	-46.999	492
626.28	13954	-46.999	493
626.84	13991	-46.999	494
627.41	14029	-46.999	495
627.97	14067	-46.999	496
628.53	14104	-46.999	497
629.09	14123	-46.999	498
629.64	14142	-46.999	499
630.19	14161	-46.999	500
630.75	14180	-48.999	501
631.29	14198	-48.999	502
631.84	14236	-48.999	503
632.4	14274	-48.999	504
632.95	14312	-48.999	505
633.5	14350	-48.999	506
634.04	14388	-48.999	507
634.59	14426	-48.999	508
635.13	14464	-48.999	509
635.67	14502	-48.999	510
636.21	14539	-48.999	511
636.75	14577	-48.999	512
637.28	14615	-48.999	513
637.82	14653	-48.999	514
638.35	14691	-48.999	515
638.88	14710	-48.999	516
639.41	14729	-50.999	517
639.94	14748	-50.999	518
640.48	14785	-50.999	519
641.01	14823	-50.999	520
641.55	14861	-50.999	521
642.09	14899	-50.999	522
642.62	14937	-50.999	523
643.15	14975	-50.999	524
643.69	15012	-50.999	525
644.22	15050	-50.999	526
644.76	15088	-50.999	527
645.3	15126	-50.999	528
645.83	15164	-50.999	529
646.36	15202	-50.999	530
646.89	15239	-50.999	531
647.42	15258	-50.999	532
647.95	15277	-52.999	533
648.47	15296	-52.999	534
649.01	15333	-52.999	535
649.55	15371	-52.999	536
650.08	15409	-52.999	537
650.62	15446	-52.999	538
651.16	15484	-52.999	539
651.69	15522	-52.999	540
652.22	15578	-52.999	541
652.76	15635	-52.999	542
653.3	15691	-52.999	543
653.84	15748	-52.999	544
654.39	15823	-52.999	545
654.92	15899	-52.999	546
655.46	15974	-52.999	547
655.99	16031	-52.999	548
656.54	16107	-54.999	549
657.07	16182	-54.999	550
657.61	16258	-54.999	551
658.15	16334	-54.999	552
658.71	16429	-54.999	553
659.24	16523	-54.999	554
659.79	16618	-56.999	555
660.33	16713	-56.999	556
660.88	16807	-56.999	557
661.42	16902	-56.999	558
661.96	17015	-58.999	559
662.5	17129	-58.999	560
663.06	17242	-58.999	561
663.61	17355	-58.999	562
664.17	17487	-60.999	563
664.71	17600	-60.999	564
665.26	17713	-60.999	565
665.81	17826	-60.999	566
666.38	17957	-62.999	567
666.93	18089	-62.999	568
667.48	18220	-62.999	569
668.04	18333	-62.999	570
668.61	18464	-62.999	571
669.15	18595	-62.999	572
669.71	18726	-64.999	573
670.26	18838	-64.999	574
670.83	18950	-64.999	575
671.38	19062	-64.999	576
671.93	19193	-66.999	577
672.48	19305	-66.999	578
673.05	19417	-66.999	579
673.62	19530	-66.999	580
674.2	19662	-68.999	581
674.75	19775	-68.999	582
675.31	19890	-68.999	583
675.89	20005	-68.999	584
676.47	20141	-70.999	585
677.03	20279	-70.999	586
677.6	20420	-70.999	587
678.17	20543	-70.999	588
678.75	20688	-70.999	589
679.31	20834	-70.999	590
679.88	20982	-72.999	591
680.44	21112	-72.999	592
681.02	21242	-72.999	593
681.58	21374	-72.999	594
682.14	21525	-74.999	595
682.71	21659	-74.999	596
683.28	21793	-74.999	597
683.84	21929	-74.999	598
684.4	22085	-76.999	599
684.96	22223	-76.999	600
685.54	22361	-76.999	601
686.13	22501	-76.999	602
686.72	22661	-78.999	603
687.29	22821	-78.999	604
687.87	22983	-78.999	605
688.46	23127	-78.999	606
689.06	23291	-78.999	607
689.62	23456	-78.999	608
690.2	23622	-80.999	609
690.78	23771	-80.999	610
691.38	23920	-80.999	611
691.94	24071	-80.999	612
692.52	24241	-82.999	613
693.1	24391	-82.999	614
693.68	24540	-82.999	615
694.25	24689	-82.999	616
694.82	24857	-84.999	617
695.41	25003	-84.999	618
696	25149	-84.999	619
696.6	25295	-84.999	620
697.22	25461	-86.999	621
697.8	25626	-86.999	622
698.39	25792	-86.999	623
698.99	25939	-86.999	624
699.6	26106	-86.999	625
700.18	26273	-86.999	626
700.77	26439	-88.999	627
701.37	26587	-88.999	628
701.97	26734	-88.999	629
702.55	26881	-88.999	630
703.13	27048	-90.999	631
703.72	27196	-90.999	632
704.33	27344	-90.999	633
704.91	27492	-90.999	634
705.5	27659	-92.999	635
706.1	27806	-92.999	636
706.71	27953	-92.999	637
707.32	28100	-92.999	638
707.95	28265	-94.999	639
708.54	28430	-94.999	640
709.15	28594	-94.999	641
709.76	28738	-94.999	642
710.38	28902	-94.999	643
710.97	29065	-94.999	644
711.57	29228	-96.999	645
712.17	29372	-96.999	646
712.79	29515	-96.999	647
713.37	29659	-96.999	648
713.98	29821	-98.999	649
714.58	29965	-98.999	650
715.21	30108	-98.999	651
715.8	30250	-98.999	652
716.4	30412	-101	653
717	30555	-101	654
717.62	30697	-101	655
718.25	30840	-101	656
718.89	31001	-103	657
719.5	31163	-103	658
720.11	31324	-103	659
720.73	31466	-103	660
721.37	31628	-103	661
721.97	31789	-103	662
722.58	31950	-105	663
723.2	32092	-105	664
723.84	32234	-105	665
724.44	32375	-105	666
725.05	32536	-107	667
725.66	32677	-107	668
726.29	32819	-107	669
726.9	32960	-107	670
727.51	33120	-109	671
728.13	33261	-109	672
728.76	33402	-109	673
729.4	33542	-109	674
730.05	33702	-111	675
730.67	33862	-111	676
731.3	34022	-111	677
731.93	34163	-111	678
732.59	34323	-111	679
733.21	34483	-111	680
733.83	34643	-113	681
734.46	34784	-113	682
735.11	34944	-113	683
735.73	35105	-113	684
736.35	35265	-115	685
736.98	35406	-115	686
737.62	35547	-115	687
738.24	35687	-115	688
738.87	35848	-117	689
739.5	35989	-117	690
740.14	36130	-117	691
740.8	36271	-117	692
741.47	36432	-119	693
742.1	36592	-119	694
742.74	36753	-119	695
743.38	36894	-119	696
744.05	37055	-121	697
744.68	37216	-121	698
745.31	37377	-121	699
745.96	37519	-121	700
746.62	37680	-121	701
747.25	37842	-121	702
747.88	38003	-123	703
748.52	38145	-123	704
749.18	38286	-123	705
749.8	38428	-123	706
750.44	38589	-125	707
751.08	38731	-125	708
751.73	38873	-125	709
752.4	39015	-125	710
753.07	39176	-127	711
753.71	39319	-127	712
754.36	39461	-127	713
755.02	39603	-127	714
755.69	39765	-129	715
756.32	39926	-129	716
756.96	40088	-129	717
757.62	40230	-129	718
758.28	40392	-129	719
758.91	40553	-129	720
759.54	40715	-131	721
760.19	40857	-131	722
760.84	40999	-131	723
761.46	41140	-131	724
762.09	41301	-133	725
762.72	41443	-133	726
763.37	41584	-133	727
764.03	41726	-133	728
764.7	41887	-135	729
765.32	42028	-135	730
765.96	42169	-135	731
766.61	42310	-135	732
767.27	42471	-137	733
767.89	42632	-137	734
768.53	42793	-137	735
769.17	42934	-137	736
769.82	43095	-137	737
770.43	43256	-137	738
771.06	43416	-139	739
771.69	43557	-139	740
772.34	43698	-139	741
772.94	43839	-139	742
773.55	44000	-141	743
774.16	44141	-141	744
774.8	44281	-141	745
775.44	44422	-141	746
776.09	44583	-143	747
776.7	44724	-143	748
777.33	44865	-143	749
777.96	45005	-143	750
778.61	45166	-145	751
779.26	45327	-145	752
779.91	45488	-145	753
780.56	45629	-145	754
781.22	45790	-145	755
781.86	45951	-145	756
782.49	46113	-147	757
783.12	46254	-147	758
783.76	46395	-147	759
784.4	46536	-147	760
785.03	46698	-149	761
785.68	46839	-149	762
786.31	46980	-149	763
786.96	47122	-149	764
787.57	47283	-151	765
788.19	47425	-151	766
788.8	47566	-151	767
789.42	47708	-151	768
790.05	47870	-153	769
790.67	48031	-153	770
791.3	48193	-153	771
791.92	48335	-153	772
792.56	48497	-153	773
793.19	48659	-153	774
793.83	48821	-155	775
794.43	48963	-155	776
795.04	49105	-155	777
795.65	49247	-155	778
796.26	49409	-157	779
796.87	49551	-157	780
797.49	49694	-157	781
798.12	49836	-157	782
798.74	49998	-159	783
799.38	50141	-159	784
799.96	50283	-159	785
800.55	50426	-159	786
801.14	50589	-161	787
801.74	50752	-161	788
802.35	50915	-161	789
802.95	51057	-161	790
803.57	51221	-161	791
804.19	51384	-161	792
804.82	51547	-163	793
805.39	51690	-163	794
805.96	51833	-163	795
806.54	51975	-163	796
807.12	52139	-165	797
807.72	52282	-165	798
808.32	52424	-165	799
808.93	52567	-165	800
809.54	52730	-167	801
810.17	52874	-167	802
810.72	53017	-167	803
811.28	53159	-167	804
811.84	53323	-169	805
812.42	53488	-169	806
813	53652	-169	807
813.59	53795	-169	808
814.2	53960	-169	809
814.81	54124	-169	810
815.44	54289	-171	811
815.98	54432	-171	812
816.52	54575	-171	813
817.07	54718	-171	814
817.63	54883	-173	815
818.21	55026	-173	816
818.8	55169	-173	817
819.4	55311	-173	818
820.02	55476	-175	819
820.66	55619	-175	820
821.17	55762	-175	821
821.69	55905	-175	822
822.23	56069	-177	823
822.78	56234	-177	824
823.36	56398	-177	825
823.94	56540	-177	826
824.56	56704	-177	827
825.18	56868	-177	828
825.85	57032	-179	829
826.34	57173	-179	830
826.83	57314	-179	831
827.35	57454	-179	832
827.88	57616	-181	833
828.46	57757	-181	834
829.05	57897	-181	835
829.7	58036	-181	836
830.37	58178	-183	837
831.12	58315	-183	838
831.55	58474	-183	839
831.99	58631	-183	840
832.49	58786	-185	841
833	58937	-185	842
833.6	59084	-185	843
834.25	59223	-185	844
835.06	59352	-185	845
836.05	59465	-185	846
837.49	59546	-187	847
838.01	59697	-187	848
838.72	59829	-187	849
841.57	59824	-187	850
