0	0
-1000	27.801
-2000	55.078
-3000	81.833
-4000	108.06
-5000	133.77
-6000	158.96
-7000	183.62
-8000	207.76
-9000	231.38
-10000	254.47
-11000	277.04
-12000	299.09
-13000	320.61
-14000	341.61
-15000	362.09
-16000	382.05
-17000	401.48
-18000	420.39
-19000	438.77
-20000	456.64
-21000	473.98
-22000	490.8
-23000	507.09
-24000	522.86
-25000	538.11
-26000	552.83
-27000	567.04
-28000	580.72
-29000	593.87
-30000	606.51
-31000	618.62
-32000	630.2
-33000	641.27
-34000	651.81
-35000	661.83
-36000	671.61
-37000	681.39
-38000	691.16
-39000	700.92
-40000	710.67
-41000	720.42
-42000	730.16
-43000	739.9
-44000	749.62
-45000	759.34
-46000	769.05
-47000	778.76
-48000	788.46
-49000	798.15
-50000	807.83
-51000	817.51
-52000	827.18
-53000	836.84
-54000	846.5
-55000	856.14
-56000	865.78
-57000	875.42
-58000	885.05
-59000	894.66
-60000	904.28
-61000	913.88
-62000	923.48
-63000	933.07
-64000	942.66
-65000	952.23
-66000	961.8
-67000	971.36
-68000	980.92
-69000	990.47
-70000	1000
-71000	1009.5
-72000	1019.1
-73000	1028.6
-74000	1038.1
-75000	1047.6
-76000	1057.1
-77000	1066.6
-78000	1076.1
-79000	1085.6
-80000	1095
-81000	1104.5
-82000	1113.9
-83000	1123.4
-84000	1132.8
-85000	1142.3
-86000	1151.7
-87000	1161.1
-88000	1170.5
-89000	1179.9
-90000	1189.3
-91000	1198.7
-92000	1208.1
-93000	1217.5
-94000	1226.8
-95000	1236.2
-96000	1245.6
-97000	1254.9
-98000	1264.3
-99000	1273.6
-1e+05	1282.9
-1.01e+05	1292.2
-1.02e+05	1301.5
-1.03e+05	1310.9
-1.04e+05	1320.1
-1.05e+05	1329.4
-1.06e+05	1338.7
-1.07e+05	1348
-1.08e+05	1357.3
-1.09e+05	1366.5
-1.1e+05	1375.8
-1.11e+05	1385
-1.12e+05	1394.3
-1.13e+05	1403.5
-1.14e+05	1412.7
-1.15e+05	1422
-1.16e+05	1431.2
-1.17e+05	1440.4
-1.18e+05	1449.6
-1.19e+05	1458.8
-1.2e+05	1467.9
-1.21e+05	1477.1
-1.22e+05	1486.3
-1.23e+05	1495.5
-1.24e+05	1504.6
-1.25e+05	1513.8
-1.26e+05	1522.9
-1.27e+05	1532
-1.28e+05	1541.2
-1.29e+05	1550.3
-1.3e+05	1559.4
-1.31e+05	1568.5
-1.32e+05	1577.6
-1.33e+05	1586.7
-1.34e+05	1595.8
-1.35e+05	1604.8
-1.36e+05	1613.9
-1.37e+05	1623
-1.38e+05	1632
-1.39e+05	1641.1
-1.4e+05	1650.1
-1.41e+05	1659.2
-1.42e+05	1668.2
-1.43e+05	1677.2
-1.44e+05	1686.2
-1.45e+05	1695.2
-1.46e+05	1704.2
-1.47e+05	1713.2
-1.48e+05	1722.2
-1.49e+05	1731.2
-1.5e+05	1740.1
-1.51e+05	1740.4
-1.52e+05	1740.7
-1.53e+05	1741
-1.54e+05	1741.3
-1.55e+05	1741.6
-1.56e+05	1741.9
-1.57e+05	1742.2
-1.58e+05	1742.5
-1.59e+05	1742.8
-1.6e+05	1743.1
-1.61e+05	1743.4
-1.62e+05	1743.7
-1.63e+05	1744
-1.64e+05	1744.3
-1.65e+05	1744.6
-1.66e+05	1744.9
-1.67e+05	1745.2
-1.68e+05	1745.5
-1.69e+05	1745.8
-1.7e+05	1746.1
-1.71e+05	1746.4
-1.72e+05	1746.7
-1.73e+05	1747
-1.74e+05	1747.3
-1.75e+05	1747.6
-1.76e+05	1747.9
-1.77e+05	1748.2
-1.78e+05	1748.5
-1.79e+05	1748.8
-1.8e+05	1749.1
-1.81e+05	1749.4
-1.82e+05	1749.7
-1.83e+05	1750
-1.84e+05	1750.3
-1.85e+05	1750.6
-1.86e+05	1750.9
-1.87e+05	1751.2
-1.88e+05	1751.5
-1.89e+05	1751.8
-1.9e+05	1752.1
-1.91e+05	1752.4
-1.92e+05	1752.7
-1.93e+05	1753
-1.94e+05	1753.3
-1.95e+05	1753.6
-1.96e+05	1753.9
-1.97e+05	1754.2
-1.98e+05	1754.5
-1.99e+05	1754.8
-2e+05	1755.1
-2.01e+05	1755.4
-2.02e+05	1755.7
-2.03e+05	1756
-2.04e+05	1756.3
-2.05e+05	1756.6
-2.06e+05	1756.9
-2.07e+05	1757.2
-2.08e+05	1757.5
-2.09e+05	1757.8
-2.1e+05	1758.1
-2.11e+05	1758.4
-2.12e+05	1758.7
-2.13e+05	1759
-2.14e+05	1759.3
-2.15e+05	1759.6
-2.16e+05	1759.9
-2.17e+05	1760.2
-2.18e+05	1760.5
-2.19e+05	1760.8
-2.2e+05	1761.1
-2.21e+05	1761.4
-2.22e+05	1761.7
-2.23e+05	1762
-2.24e+05	1762.3
-2.25e+05	1762.6
-2.26e+05	1762.9
-2.27e+05	1763.2
-2.28e+05	1763.5
-2.29e+05	1763.8
-2.3e+05	1764.1
-2.31e+05	1764.4
-2.32e+05	1764.7
-2.33e+05	1765
-2.34e+05	1765.3
-2.35e+05	1765.6
-2.36e+05	1765.9
-2.37e+05	1766.2
-2.38e+05	1766.5
-2.39e+05	1766.8
-2.4e+05	1767.1
-2.41e+05	1767.4
-2.42e+05	1767.7
-2.43e+05	1768
-2.44e+05	1768.3
-2.45e+05	1768.6
-2.46e+05	1768.9
-2.47e+05	1769.2
-2.48e+05	1769.5
-2.49e+05	1769.8
-2.5e+05	1770.1
-2.51e+05	1770.4
-2.52e+05	1770.7
-2.53e+05	1771
-2.54e+05	1771.3
-2.55e+05	1771.6
-2.56e+05	1771.9
-2.57e+05	1772.2
-2.58e+05	1772.5
-2.59e+05	1772.8
-2.6e+05	1773.1
-2.61e+05	1773.4
-2.62e+05	1773.7
-2.63e+05	1774
-2.64e+05	1774.3
-2.65e+05	1774.6
-2.66e+05	1774.9
-2.67e+05	1775.2
-2.68e+05	1775.5
-2.69e+05	1775.8
-2.7e+05	1776.1
-2.71e+05	1776.4
-2.72e+05	1776.7
-2.73e+05	1777
-2.74e+05	1777.3
-2.75e+05	1777.6
-2.76e+05	1777.9
-2.77e+05	1778.2
-2.78e+05	1778.5
-2.79e+05	1778.8
-2.8e+05	1779.1
-2.81e+05	1779.4
-2.82e+05	1779.7
-2.83e+05	1780
-2.84e+05	1780.3
-2.85e+05	1780.6
-2.86e+05	1780.9
-2.87e+05	1781.2
-2.88e+05	1781.5
-2.89e+05	1781.8
-2.9e+05	1782.1
-2.91e+05	1782.4
-2.92e+05	1782.7
-2.93e+05	1783
-2.94e+05	1783.3
-2.95e+05	1783.6
-2.96e+05	1783.9
-2.97e+05	1784.2
-2.98e+05	1784.5
-2.99e+05	1784.8
-3e+05	1785.1
-3.01e+05	1785.4
-3.02e+05	1785.7
-3.03e+05	1786
-3.04e+05	1786.3
-3.05e+05	1786.6
-3.06e+05	1786.9
-3.07e+05	1787.2
-3.08e+05	1787.5
-3.09e+05	1787.8
-3.1e+05	1788.1
-3.11e+05	1788.4
-3.12e+05	1788.7
-3.13e+05	1789
-3.14e+05	1789.3
-3.15e+05	1789.6
-3.16e+05	1789.9
-3.17e+05	1790.2
-3.18e+05	1790.5
-3.19e+05	1790.8
-3.2e+05	1791.1
-3.21e+05	1791.4
-3.22e+05	1791.7
-3.23e+05	1792
-3.24e+05	1792.3
-3.25e+05	1792.6
-3.26e+05	1792.9
-3.27e+05	1793.2
-3.28e+05	1793.5
-3.29e+05	1793.8
-3.3e+05	1794.1
-3.31e+05	1794.4
-3.32e+05	1794.7
-3.33e+05	1795
-3.34e+05	1795.3
-3.35e+05	1795.6
-3.36e+05	1795.9
-3.37e+05	1796.2
-3.38e+05	1796.5
-3.39e+05	1796.8
-3.4e+05	1797.1
-3.41e+05	1797.4
-3.42e+05	1797.7
-3.43e+05	1798
-3.44e+05	1798.3
-3.45e+05	1798.6
-3.46e+05	1798.9
-3.47e+05	1799.2
-3.48e+05	1799.5
-3.49e+05	1799.8
-3.5e+05	1800.1
-3.51e+05	1800.4
-3.52e+05	1800.7
-3.53e+05	1801
-3.54e+05	1801.3
-3.55e+05	1801.6
-3.56e+05	1801.9
-3.57e+05	1802.2
-3.58e+05	1802.5
-3.59e+05	1802.8
-3.6e+05	1803.1
-3.61e+05	1803.4
-3.62e+05	1803.7
-3.63e+05	1804
-3.64e+05	1804.3
-3.65e+05	1804.6
-3.66e+05	1804.9
-3.67e+05	1805.2
-3.68e+05	1805.5
-3.69e+05	1805.8
-3.7e+05	1806.1
-3.71e+05	1806.4
-3.72e+05	1806.7
-3.73e+05	1807
-3.74e+05	1807.3
-3.75e+05	1807.6
-3.76e+05	1807.9
-3.77e+05	1808.2
-3.78e+05	1808.5
-3.79e+05	1808.8
-3.8e+05	1809.1
-3.81e+05	1809.4
-3.82e+05	1809.7
-3.83e+05	1810
-3.84e+05	1810.3
-3.85e+05	1810.6
-3.86e+05	1810.9
-3.87e+05	1811.2
-3.88e+05	1811.5
-3.89e+05	1811.8
-3.9e+05	1812.1
-3.91e+05	1812.4
-3.92e+05	1812.7
-3.93e+05	1813
-3.94e+05	1813.3
-3.95e+05	1813.6
-3.96e+05	1813.9
-3.97e+05	1814.2
-3.98e+05	1814.5
-3.99e+05	1814.8
-4e+05	1815.1
-4.01e+05	1815.4
-4.02e+05	1815.7
-4.03e+05	1816
-4.04e+05	1816.3
-4.05e+05	1816.6
-4.06e+05	1816.9
-4.07e+05	1817.2
-4.08e+05	1817.5
-4.09e+05	1817.8
-4.1e+05	1818.1
-4.11e+05	1818.4
-4.12e+05	1818.7
-4.13e+05	1819
-4.14e+05	1819.3
-4.15e+05	1819.6
-4.16e+05	1819.9
-4.17e+05	1820.2
-4.18e+05	1820.5
-4.19e+05	1820.8
-4.2e+05	1821.1
-4.21e+05	1821.4
-4.22e+05	1821.7
-4.23e+05	1822
-4.24e+05	1822.3
-4.25e+05	1822.6
-4.26e+05	1822.9
-4.27e+05	1823.2
-4.28e+05	1823.5
-4.29e+05	1823.8
-4.3e+05	1824.1
-4.31e+05	1824.4
-4.32e+05	1824.7
-4.33e+05	1825
-4.34e+05	1825.3
-4.35e+05	1825.6
-4.36e+05	1825.9
-4.37e+05	1826.2
-4.38e+05	1826.5
-4.39e+05	1826.8
-4.4e+05	1827.1
-4.41e+05	1827.4
-4.42e+05	1827.7
-4.43e+05	1828
-4.44e+05	1828.3
-4.45e+05	1828.6
-4.46e+05	1828.9
-4.47e+05	1829.2
-4.48e+05	1829.5
-4.49e+05	1829.8
-4.5e+05	1830.1
-4.51e+05	1830.4
-4.52e+05	1830.7
-4.53e+05	1831
-4.54e+05	1831.3
-4.55e+05	1831.6
-4.56e+05	1831.9
-4.57e+05	1832.2
-4.58e+05	1832.5
-4.59e+05	1832.8
-4.6e+05	1833.1
-4.61e+05	1833.4
-4.62e+05	1833.7
-4.63e+05	1834
-4.64e+05	1834.3
-4.65e+05	1834.6
-4.66e+05	1834.9
-4.67e+05	1835.2
-4.68e+05	1835.5
-4.69e+05	1835.8
-4.7e+05	1836.1
-4.71e+05	1836.4
-4.72e+05	1836.7
-4.73e+05	1837
-4.74e+05	1837.3
-4.75e+05	1837.6
-4.76e+05	1837.9
-4.77e+05	1838.2
-4.78e+05	1838.5
-4.79e+05	1838.8
-4.8e+05	1839.1
-4.81e+05	1839.4
-4.82e+05	1839.7
-4.83e+05	1840
-4.84e+05	1840.3
-4.85e+05	1840.6
-4.86e+05	1840.9
-4.87e+05	1841.2
-4.88e+05	1841.5
-4.89e+05	1841.8
-4.9e+05	1842.1
-4.91e+05	1842.4
-4.92e+05	1842.7
-4.93e+05	1843
-4.94e+05	1843.3
-4.95e+05	1843.6
-4.96e+05	1843.9
-4.97e+05	1844.2
-4.98e+05	1844.5
-4.99e+05	1844.8
-5e+05	1845.1
-5.01e+05	1845.4
-5.02e+05	1845.7
-5.03e+05	1846
-5.04e+05	1846.3
-5.05e+05	1846.6
-5.06e+05	1846.9
-5.07e+05	1847.2
-5.08e+05	1847.5
-5.09e+05	1847.8
-5.1e+05	1848.1
-5.11e+05	1848.4
-5.12e+05	1848.7
-5.13e+05	1849
-5.14e+05	1849.3
-5.15e+05	1849.6
-5.16e+05	1849.9
-5.17e+05	1850.2
-5.18e+05	1850.5
-5.19e+05	1850.8
-5.2e+05	1851.1
-5.21e+05	1851.4
-5.22e+05	1851.7
-5.23e+05	1852
-5.24e+05	1852.3
-5.25e+05	1852.6
-5.26e+05	1852.9
-5.27e+05	1853.2
-5.28e+05	1853.5
-5.29e+05	1853.8
-5.3e+05	1854.1
-5.31e+05	1854.4
-5.32e+05	1854.7
-5.33e+05	1855
-5.34e+05	1855.3
-5.35e+05	1855.6
-5.36e+05	1855.9
-5.37e+05	1856.2
-5.38e+05	1856.5
-5.39e+05	1856.8
-5.4e+05	1857.1
-5.41e+05	1857.4
-5.42e+05	1857.7
-5.43e+05	1858
-5.44e+05	1858.3
-5.45e+05	1858.6
-5.46e+05	1858.9
-5.47e+05	1859.2
-5.48e+05	1859.5
-5.49e+05	1859.8
-5.5e+05	1860.1
-5.51e+05	1860.4
-5.52e+05	1860.7
-5.53e+05	1861
-5.54e+05	1861.3
-5.55e+05	1861.6
-5.56e+05	1861.9
-5.57e+05	1862.2
-5.58e+05	1862.5
-5.59e+05	1862.8
-5.6e+05	1863.1
-5.61e+05	1863.4
