0	0
-1000	21.562
-2000	42.999
-3000	64.311
-4000	85.497
-5000	106.56
-6000	127.5
-7000	148.31
-8000	168.99
-9000	189.56
-10000	209.99
-11000	230.31
-12000	250.49
-13000	270.55
-14000	290.49
-15000	310.3
-16000	329.99
-17000	349.55
-18000	368.99
-19000	388.3
-20000	407.49
-21000	426.55
-22000	445.49
-23000	464.3
-24000	482.98
-25000	501.55
-26000	519.98
-27000	538.29
-28000	556.48
-29000	574.54
-30000	592.48
-31000	610.29
-32000	627.98
-33000	645.54
-34000	662.98
-35000	680.29
-36000	697.55
-37000	714.81
-38000	732.05
-39000	749.29
-40000	766.53
-41000	783.75
-42000	800.97
-43000	818.18
-44000	835.39
-45000	852.59
-46000	869.78
-47000	886.96
-48000	904.14
-49000	921.3
-50000	938.47
-51000	955.62
-52000	972.77
-53000	989.91
-54000	1007
-55000	1024.2
-56000	1041.3
-57000	1058.4
-58000	1075.5
-59000	1092.6
-60000	1109.7
-61000	1126.8
-62000	1143.9
-63000	1160.9
-64000	1178
-65000	1195
-66000	1212.1
-67000	1229.1
-68000	1246.2
-69000	1263.2
-70000	1280.2
-71000	1297.2
-72000	1314.2
-73000	1331.2
-74000	1348.2
-75000	1365.2
-76000	1382.2
-77000	1399.1
-78000	1416.1
-79000	1433.1
-80000	1450
-81000	1450.3
-82000	1450.6
-83000	1450.9
-84000	1451.2
-85000	1451.5
-86000	1451.8
-87000	1452.1
-88000	1452.4
-89000	1452.7
-90000	1453
-91000	1453.3
-92000	1453.6
-93000	1453.9
-94000	1454.2
-95000	1454.5
-96000	1454.8
-97000	1455.1
-98000	1455.4
-99000	1455.7
-1e+05	1456
-1.01e+05	1456.3
-1.02e+05	1456.6
-1.03e+05	1456.9
-1.04e+05	1457.2
-1.05e+05	1457.5
-1.06e+05	1457.8
-1.07e+05	1458.1
-1.08e+05	1458.4
-1.09e+05	1458.7
-1.1e+05	1459
-1.11e+05	1459.3
-1.12e+05	1459.6
-1.13e+05	1459.9
-1.14e+05	1460.2
-1.15e+05	1460.5
-1.16e+05	1460.8
-1.17e+05	1461.1
-1.18e+05	1461.4
-1.19e+05	1461.7
-1.2e+05	1462
-1.21e+05	1462.3
-1.22e+05	1462.6
-1.23e+05	1462.9
-1.24e+05	1463.2
-1.25e+05	1463.5
-1.26e+05	1463.8
-1.27e+05	1464.1
-1.28e+05	1464.4
-1.29e+05	1464.7
-1.3e+05	1465
-1.31e+05	1465.3
-1.32e+05	1465.6
-1.33e+05	1465.9
-1.34e+05	1466.2
-1.35e+05	1466.5
-1.36e+05	1466.8
-1.37e+05	1467.1
-1.38e+05	1467.4
-1.39e+05	1467.7
-1.4e+05	1468
-1.41e+05	1468.3
-1.42e+05	1468.6
-1.43e+05	1468.9
-1.44e+05	1469.2
-1.45e+05	1469.5
-1.46e+05	1469.8
-1.47e+05	1470.1
-1.48e+05	1470.4
-1.49e+05	1470.7
-1.5e+05	1471
-1.51e+05	1471.3
-1.52e+05	1471.6
-1.53e+05	1471.9
-1.54e+05	1472.2
-1.55e+05	1472.5
-1.56e+05	1472.8
-1.57e+05	1473.1
-1.58e+05	1473.4
-1.59e+05	1473.7
-1.6e+05	1474
-1.61e+05	1474.3
-1.62e+05	1474.6
-1.63e+05	1474.9
-1.64e+05	1475.2
-1.65e+05	1475.5
-1.66e+05	1475.8
-1.67e+05	1476.1
-1.68e+05	1476.4
-1.69e+05	1476.7
-1.7e+05	1477
-1.71e+05	1477.3
-1.72e+05	1477.6
-1.73e+05	1477.9
-1.74e+05	1478.2
-1.75e+05	1478.5
-1.76e+05	1478.8
-1.77e+05	1479.1
-1.78e+05	1479.4
-1.79e+05	1479.7
-1.8e+05	1480
-1.81e+05	1480.3
-1.82e+05	1480.6
-1.83e+05	1480.9
-1.84e+05	1481.2
-1.85e+05	1481.5
-1.86e+05	1481.8
-1.87e+05	1482.1
-1.88e+05	1482.4
-1.89e+05	1482.7
-1.9e+05	1483
-1.91e+05	1483.3
-1.92e+05	1483.6
-1.93e+05	1483.9
-1.94e+05	1484.2
-1.95e+05	1484.5
-1.96e+05	1484.8
-1.97e+05	1485.1
-1.98e+05	1485.4
-1.99e+05	1485.7
-2e+05	1486
-2.01e+05	1486.3
-2.02e+05	1486.6
-2.03e+05	1486.9
-2.04e+05	1487.2
-2.05e+05	1487.5
-2.06e+05	1487.8
-2.07e+05	1488.1
-2.08e+05	1488.4
-2.09e+05	1488.7
-2.1e+05	1489
-2.11e+05	1489.3
-2.12e+05	1489.6
-2.13e+05	1489.9
-2.14e+05	1490.2
-2.15e+05	1490.5
-2.16e+05	1490.8
-2.17e+05	1491.1
-2.18e+05	1491.4
-2.19e+05	1491.7
-2.2e+05	1492
-2.21e+05	1492.3
-2.22e+05	1492.6
-2.23e+05	1492.9
-2.24e+05	1493.2
-2.25e+05	1493.5
-2.26e+05	1493.8
-2.27e+05	1494.1
-2.28e+05	1494.4
-2.29e+05	1494.7
-2.3e+05	1495
-2.31e+05	1495.3
-2.32e+05	1495.6
-2.33e+05	1495.9
-2.34e+05	1496.2
-2.35e+05	1496.5
-2.36e+05	1496.8
-2.37e+05	1497.1
-2.38e+05	1497.4
-2.39e+05	1497.7
-2.4e+05	1498
-2.41e+05	1498.3
-2.42e+05	1498.6
-2.43e+05	1498.9
-2.44e+05	1499.2
-2.45e+05	1499.5
-2.46e+05	1499.8
-2.47e+05	1500.1
-2.48e+05	1500.4
-2.49e+05	1500.7
-2.5e+05	1501
-2.51e+05	1501.3
-2.52e+05	1501.6
-2.53e+05	1501.9
-2.54e+05	1502.2
-2.55e+05	1502.5
-2.56e+05	1502.8
-2.57e+05	1503.1
-2.58e+05	1503.4
-2.59e+05	1503.7
-2.6e+05	1504
-2.61e+05	1504.3
-2.62e+05	1504.6
-2.63e+05	1504.9
-2.64e+05	1505.2
-2.65e+05	1505.5
-2.66e+05	1505.8
-2.67e+05	1506.1
-2.68e+05	1506.4
-2.69e+05	1506.7
-2.7e+05	1507
-2.71e+05	1507.3
-2.72e+05	1507.6
-2.73e+05	1507.9
-2.74e+05	1508.2
-2.75e+05	1508.5
-2.76e+05	1508.8
-2.77e+05	1509.1
-2.78e+05	1509.4
-2.79e+05	1509.7
-2.8e+05	1510
-2.81e+05	1510.3
-2.82e+05	1510.6
-2.83e+05	1510.9
-2.84e+05	1511.2
-2.85e+05	1511.5
-2.86e+05	1511.8
-2.87e+05	1512.1
-2.88e+05	1512.4
-2.89e+05	1512.7
-2.9e+05	1513
-2.91e+05	1513.3
-2.92e+05	1513.6
-2.93e+05	1513.9
-2.94e+05	1514.2
-2.95e+05	1514.5
-2.96e+05	1514.8
-2.97e+05	1515.1
-2.98e+05	1515.4
-2.99e+05	1515.7
-3e+05	1516
-3.01e+05	1516.3
-3.02e+05	1516.6
-3.03e+05	1516.9
-3.04e+05	1517.2
-3.05e+05	1517.5
-3.06e+05	1517.8
-3.07e+05	1518.1
-3.08e+05	1518.4
-3.09e+05	1518.7
-3.1e+05	1519
-3.11e+05	1519.3
-3.12e+05	1519.6
-3.13e+05	1519.9
-3.14e+05	1520.2
-3.15e+05	1520.5
-3.16e+05	1520.8
-3.17e+05	1521.1
-3.18e+05	1521.4
-3.19e+05	1521.7
-3.2e+05	1522
-3.21e+05	1522.3
-3.22e+05	1522.6
-3.23e+05	1522.9
-3.24e+05	1523.2
-3.25e+05	1523.5
-3.26e+05	1523.8
-3.27e+05	1524.1
-3.28e+05	1524.4
-3.29e+05	1524.7
-3.3e+05	1525
-3.31e+05	1525.3
-3.32e+05	1525.6
-3.33e+05	1525.9
-3.34e+05	1526.2
-3.35e+05	1526.5
-3.36e+05	1526.8
-3.37e+05	1527.1
-3.38e+05	1527.4
-3.39e+05	1527.7
-3.4e+05	1528
-3.41e+05	1528.3
-3.42e+05	1528.6
-3.43e+05	1528.9
-3.44e+05	1529.2
-3.45e+05	1529.5
-3.46e+05	1529.8
-3.47e+05	1530.1
-3.48e+05	1530.4
-3.49e+05	1530.7
-3.5e+05	1531
-3.51e+05	1531.3
-3.52e+05	1531.6
-3.53e+05	1531.9
-3.54e+05	1532.2
-3.55e+05	1532.5
-3.56e+05	1532.8
-3.57e+05	1533.1
-3.58e+05	1533.4
-3.59e+05	1533.7
-3.6e+05	1534
-3.61e+05	1534.3
-3.62e+05	1534.6
-3.63e+05	1534.9
-3.64e+05	1535.2
-3.65e+05	1535.5
-3.66e+05	1535.8
-3.67e+05	1536.1
-3.68e+05	1536.4
-3.69e+05	1536.7
-3.7e+05	1537
-3.71e+05	1537.3
-3.72e+05	1537.6
-3.73e+05	1537.9
-3.74e+05	1538.2
-3.75e+05	1538.5
-3.76e+05	1538.8
-3.77e+05	1539.1
-3.78e+05	1539.4
-3.79e+05	1539.7
-3.8e+05	1540
-3.81e+05	1540.3
-3.82e+05	1540.6
-3.83e+05	1540.9
-3.84e+05	1541.2
-3.85e+05	1541.5
-3.86e+05	1541.8
-3.87e+05	1542.1
-3.88e+05	1542.4
-3.89e+05	1542.7
-3.9e+05	1543
-3.91e+05	1543.3
-3.92e+05	1543.6
-3.93e+05	1543.9
-3.94e+05	1544.2
-3.95e+05	1544.5
-3.96e+05	1544.8
-3.97e+05	1545.1
-3.98e+05	1545.4
-3.99e+05	1545.7
-4e+05	1546
-4.01e+05	1546.3
-4.02e+05	1546.6
-4.03e+05	1546.9
-4.04e+05	1547.2
-4.05e+05	1547.5
-4.06e+05	1547.8
-4.07e+05	1548.1
-4.08e+05	1548.4
-4.09e+05	1548.7
-4.1e+05	1549
-4.11e+05	1549.3
-4.12e+05	1549.6
-4.13e+05	1549.9
-4.14e+05	1550.2
-4.15e+05	1550.5
-4.16e+05	1550.8
-4.17e+05	1551.1
-4.18e+05	1551.4
-4.19e+05	1551.7
-4.2e+05	1552
-4.21e+05	1552.3
-4.22e+05	1552.6
-4.23e+05	1552.9
-4.24e+05	1553.2
-4.25e+05	1553.5
-4.26e+05	1553.8
-4.27e+05	1554.1
-4.28e+05	1554.4
-4.29e+05	1554.7
-4.3e+05	1555
-4.31e+05	1555.3
-4.32e+05	1555.6
-4.33e+05	1555.9
-4.34e+05	1556.2
-4.35e+05	1556.5
-4.36e+05	1556.8
-4.37e+05	1557.1
-4.38e+05	1557.4
-4.39e+05	1557.7
-4.4e+05	1558
-4.41e+05	1558.3
-4.42e+05	1558.6
-4.43e+05	1558.9
-4.44e+05	1559.2
-4.45e+05	1559.5
-4.46e+05	1559.8
-4.47e+05	1560.1
-4.48e+05	1560.4
-4.49e+05	1560.7
-4.5e+05	1561
-4.51e+05	1561.3
-4.52e+05	1561.6
-4.53e+05	1561.9
-4.54e+05	1562.2
-4.55e+05	1562.5
-4.56e+05	1562.8
-4.57e+05	1563.1
-4.58e+05	1563.4
-4.59e+05	1563.7
-4.6e+05	1564
-4.61e+05	1564.3
-4.62e+05	1564.6
-4.63e+05	1564.9
-4.64e+05	1565.2
-4.65e+05	1565.5
-4.66e+05	1565.8
-4.67e+05	1566.1
-4.68e+05	1566.4
-4.69e+05	1566.7
-4.7e+05	1567
-4.71e+05	1567.3
-4.72e+05	1567.6
-4.73e+05	1567.9
-4.74e+05	1568.2
-4.75e+05	1568.5
-4.76e+05	1568.8
-4.77e+05	1569.1
-4.78e+05	1569.4
-4.79e+05	1569.7
-4.8e+05	1570
-4.81e+05	1570.3
-4.82e+05	1570.6
-4.83e+05	1570.9
-4.84e+05	1571.2
-4.85e+05	1571.5
-4.86e+05	1571.8
-4.87e+05	1572.1
-4.88e+05	1572.4
-4.89e+05	1572.7
-4.9e+05	1573
-4.91e+05	1573.3
-4.92e+05	1573.6
-4.93e+05	1573.9
-4.94e+05	1574.2
-4.95e+05	1574.5
-4.96e+05	1574.8
-4.97e+05	1575.1
-4.98e+05	1575.4
-4.99e+05	1575.7
-5e+05	1576
